#     BLOCK:   ACTUAL_M:     M_AVE:       ERROR:
# Temperatura= 0.5
           1     0.84246     0.84246           0
           2     0.98398     0.91322   0.0500349
           3     0.83278    0.886407   0.0398994
           4     0.93054     0.89744   0.0314131
           5     0.97196    0.912344   0.0284472
           6     0.97004     0.92196   0.0252791
           7     0.94062    0.924626   0.0218079
           8     0.90846    0.922605   0.0191753
           9     0.98798    0.929869   0.0183691
          10     0.80548     0.91743   0.0203117
          11     0.93824    0.919322   0.0185531
          12     0.93536    0.920658   0.0170551
          13      0.7074    0.904254   0.0222767
          14     0.96194    0.908374   0.0210632
          15      0.9895    0.913783   0.0203415
          16     0.95996    0.916669   0.0192738
          17     0.88726    0.914939   0.0182175
          18     0.86858    0.912363   0.0173865
          19     0.94054    0.913846   0.0165346
          20      0.7146    0.903884   0.0184668
# Temperatura= 0.6
           1     0.73226     0.73226           0
           2     0.31014      0.5212    0.149242
           3     0.43218    0.491527    0.102402
           4     0.66168    0.534065   0.0851799
           5     0.58386    0.544024   0.0687236
           6     0.52008    0.540033   0.0573854
           7     0.54742    0.541089   0.0491972
           8     0.73156    0.564897   0.0484675
           9      0.4108    0.547776   0.0460072
          10     0.85146    0.578144   0.0504432
          11     0.67234    0.586707   0.0465787
          12     0.33586    0.565803   0.0471551
          13     0.35056    0.549246   0.0463435
          14      0.5819    0.551579   0.0430919
          15     0.81532    0.569161   0.0436591
          16     0.69232    0.576859   0.0416035
          17     0.42358    0.567842   0.0401213
          18     0.72106    0.576354   0.0387848
          19     0.34104    0.563969   0.0386704
          20     0.85162    0.578352   0.0393206
# Temperatura= 0.7
           1      0.6733      0.6733           0
           2      0.3811      0.5272    0.103308
           3     0.41742    0.490607   0.0750739
           4     0.50576    0.494395   0.0564009
           5     0.42658    0.480832   0.0467231
           6     0.50842     0.48543   0.0391615
           7     0.29868    0.458751   0.0416751
           8     0.62586     0.47964   0.0413707
           9     0.50602    0.482571   0.0368777
          10     0.44306     0.47862   0.0334009
          11     0.60234    0.489867   0.0322025
          12     0.44704    0.486298   0.0297161
          13     0.43472    0.482331   0.0276938
          14     0.50626     0.48404   0.0257684
          15     0.31788    0.472963    0.026324
          16     0.36382    0.466141   0.0255473
          17     0.39284    0.461829   0.0244057
          18      0.6081    0.469956   0.0243651
          19     0.52122    0.472654   0.0232317
          20     0.24948    0.461495   0.0246044
# Temperatura= 0.8
           1     0.24934     0.24934           0
           2      0.3119     0.28062   0.0221183
           3     0.37916    0.313467   0.0306056
           4     0.39106    0.332865   0.0284449
           5      0.3763    0.341552   0.0240459
           6     0.37302    0.346797   0.0206023
           7     0.31682    0.342514   0.0180987
           8      0.3568      0.3443   0.0159242
           9     0.26552    0.335547    0.016385
          10     0.22564    0.324556   0.0180603
          11      0.2117    0.314296   0.0191117
          12     0.31102    0.314023    0.017521
          13     0.19478    0.304851   0.0184184
          14     0.25834    0.301529   0.0173998
          15      0.2754    0.299787   0.0163268
          16     0.23668    0.295842   0.0157756
          17      0.0792    0.283099    0.019321
          18     0.26448    0.282064   0.0182752
          19     0.23512    0.279594   0.0174796
          20     0.43164    0.287196   0.0181839
# Temperatura= 0.9
           1     0.25914     0.25914           0
           2     0.19574     0.22744   0.0224153
           3     0.26936    0.241413    0.018801
           4     0.16254    0.221695   0.0221459
           5     0.16278    0.209912   0.0206144
           6     0.25044    0.216667   0.0182518
           7     0.22602    0.218003   0.0156932
           8     0.25858    0.223075   0.0145281
           9     0.23304    0.224182    0.012956
          10     0.29478    0.231242    0.013447
          11     0.12232     0.22134   0.0154459
          12     0.27034    0.225423   0.0146886
          13      0.1899    0.222691   0.0138105
          14     0.18996    0.220353   0.0130204
          15     0.21462    0.219971    0.012158
          16     0.07654    0.211006   0.0143267
          17     0.16674    0.208402   0.0137186
          18      0.2572    0.211113   0.0132216
          19     0.06614    0.203483   0.0145619
          20     0.13662     0.20014   0.0142124
# Temperatura= 1
           1     0.15576     0.15576           0
           2     0.12946     0.14261  0.00929845
           3     0.19778       0.161   0.0162446
           4     0.20592     0.17223   0.0155892
           5     0.13728     0.16524   0.0139507
           6     0.18166    0.167977    0.011891
           7     0.12308    0.161563   0.0117959
           8     0.11792    0.156108    0.011514
           9      0.1583    0.156351   0.0102372
          10     0.07508    0.148224   0.0120139
          11     0.18392    0.151469   0.0113515
          12     0.14646    0.151052   0.0104132
          13     0.07984    0.145574   0.0109587
          14      0.1806    0.148076   0.0104576
          15     0.14574     0.14792  0.00976161
          16     0.08814    0.144184  0.00984059
          17     0.12672    0.143156   0.0093152
          18     0.18674    0.145578  0.00910694
          19     0.13026    0.144772  0.00866324
          20     0.20472    0.147769  0.00873324
# Temperatura= 1.1
           1     0.14162     0.14162           0
           2     0.10848     0.12505   0.0117168
           3     0.03602   0.0953733   0.0254588
           4     0.12166    0.101945   0.0199242
           5     0.09098    0.099752   0.0160596
           6     0.09778   0.0994233   0.0133864
           7     0.09964   0.0994543   0.0114741
           8     0.12838     0.10307   0.0105942
           9     0.13694    0.106833   0.0100633
          10     0.12062    0.108212  0.00915093
          11      0.1568    0.112629  0.00932433
          12     0.08394    0.110238  0.00884849
          13      0.1251    0.111382  0.00824136
          14     0.07952    0.109106  0.00796072
          15     0.06694    0.106295  0.00791077
          16     0.09496    0.105586  0.00744799
          17     0.10314    0.105442  0.00701127
          18     0.09308    0.104756  0.00665531
          19     0.13212    0.106196  0.00645898
          20     0.13538    0.107655  0.00629871
# Temperatura= 1.2
           1     0.08346     0.08346           0
           2     0.04176     0.06261   0.0147432
           3     0.08846   0.0712267   0.0120873
           4     0.12198    0.083915   0.0142453
           5      0.1348    0.094092   0.0145853
           6     0.07674      0.0912   0.0124378
           7     0.06688   0.0877257   0.0111357
           8     0.11136     0.09068    0.010128
           9     0.09782   0.0914733   0.0090337
          10     0.07146    0.089472  0.00834908
          11       0.046     0.08552  0.00847394
          12     0.08942    0.085845  0.00777401
          13      0.0609   0.0839262  0.00740904
          14     0.04966   0.0814786  0.00727287
          15     0.06306   0.0802507  0.00689089
          16     0.09034   0.0808813    0.006489
          17      0.1044   0.0822647  0.00625303
          18      0.0948   0.0829611  0.00594429
          19     0.07824   0.0827126  0.00563663
          20     0.08712    0.082933   0.0053591
# Temperatura= 1.3
           1      0.0283      0.0283           0
           2     0.03414     0.03122  0.00206475
           3     0.05324     0.03856  0.00614913
           4     0.03552      0.0378  0.00465858
           5     0.07662    0.045564   0.0078812
           6     0.06842   0.0493733  0.00743147
           7      0.0862   0.0546343  0.00801863
           8     0.04876      0.0539  0.00704984
           9     0.09502   0.0584689  0.00760425
          10     0.07468     0.06009   0.0070145
          11     0.07138   0.0611164  0.00645147
          12     0.06464     0.06141  0.00592052
          13     0.06978   0.0620538      0.0055
          14     0.00276   0.0578186  0.00653752
          15       0.053   0.0574973  0.00610957
          16     0.05872   0.0575737   0.0057282
          17     0.04248   0.0566859  0.00545963
          18      0.0837   0.0581867  0.00535862
          19     0.04572   0.0575305   0.0051166
          20     0.06052     0.05768  0.00486295
# Temperatura= 1.4
           1     0.01524     0.01524           0
           2      0.0733     0.04427   0.0205273
           3     0.08588     0.05814   0.0177631
           4     0.04356    0.054495   0.0136912
           5     0.06866    0.057328   0.0112422
           6     0.05088   0.0562533  0.00941975
           7     0.09588   0.0619143  0.00962595
           8     0.06362   0.0621275  0.00842507
           9     0.07256   0.0632867  0.00756827
          10     0.07058    0.064016   0.0068465
          11     0.06632   0.0642255  0.00622729
          12     0.07932   0.0654833  0.00583401
          13     0.03788     0.06336  0.00575869
          14     0.06718   0.0636329  0.00535382
          15     0.07742    0.064552  0.00507518
          16     0.04306   0.0632087  0.00493254
          17     0.09656   0.0651706  0.00501739
          18     0.10336   0.0672922  0.00516779
          19     0.03678   0.0656863  0.00513926
          20      0.0347    0.064137   0.0051105
# Temperatura= 1.5
           1     0.06932     0.06932           0
           2      0.0585     0.06391  0.00382545
           3     0.04156     0.05646  0.00659588
           4     0.06786     0.05931  0.00552846
           5     0.04688    0.056824  0.00495025
           6     0.08902     0.06219  0.00640409
           7      0.0481   0.0601771  0.00579692
           8     0.07732     0.06232    0.005454
           9     0.05668   0.0616933  0.00488387
          10     0.03384    0.058908   0.0051286
          11     0.04606     0.05774  0.00479352
          12     0.03704    0.056015  0.00469419
          13      0.0542   0.0558754  0.00433518
          14     0.07716   0.0573957  0.00428382
          15     0.05356     0.05714  0.00400586
          16     0.06464   0.0576087  0.00378282
          17     0.05542     0.05748  0.00356249
          18     0.03458   0.0562078  0.00358455
          19     0.04358   0.0555432  0.00345695
          20      0.0187    0.053701  0.00374289
# Temperatura= 1.6
           1      0.0547      0.0547           0
           2     0.00128     0.02799   0.0188868
           3     0.02042   0.0254667   0.0127587
           4     0.00958    0.021495   0.0101684
           5     0.04564    0.026324  0.00921027
           6     0.04634     0.02966  0.00825731
           7     0.05946   0.0339171  0.00810111
           8      0.0654   0.0378525  0.00798734
           9     0.05072   0.0392822  0.00722668
          10      0.0566    0.041014   0.0067083
          11     0.07006   0.0436545  0.00659771
          12      0.0145    0.041225  0.00647981
          13     0.07262     0.04364  0.00641563
          14     0.03212   0.0428171  0.00600991
          15       0.011    0.040696  0.00597185
          16     0.06048   0.0419325  0.00572519
          17     0.04592   0.0421671  0.00539321
          18     0.07152   0.0437978  0.00533443
          19     0.04254   0.0437316  0.00505408
          20     0.05528    0.044309  0.00483425
# Temperatura= 1.7
           1     0.01868     0.01868           0
           2     0.06856     0.04362   0.0176352
           3    -0.01174   0.0251667   0.0191113
           4     0.04184    0.029335    0.014781
           5     0.04076     0.03162   0.0120001
           6     0.04868   0.0344633   0.0103315
           7     0.04904   0.0365457  0.00906298
           8     0.05924   0.0393825   0.0083623
           9     0.03012   0.0383533  0.00749622
          10     0.05226    0.039744  0.00687438
          11     0.06576   0.0421091  0.00664384
          12     0.03258    0.041315  0.00613746
          13     0.01304     0.03914  0.00603845
          14     0.03286   0.0386914  0.00562377
          15      0.0311   0.0381853  0.00527158
          16     0.04448   0.0385787  0.00495676
          17     0.04524   0.0389706  0.00468065
          18      0.0543   0.0398222  0.00449742
          19     0.04126   0.0398979  0.00426135
          20       0.042    0.040003  0.00404958
# Temperatura= 1.8
           1      0.0439      0.0439           0
           2     0.04476     0.04433 0.000304056
           3     0.02874   0.0391333   0.0042479
           4     0.02226    0.034915  0.00484725
           5     0.02114     0.03216  0.00459449
           6      0.0348      0.0326  0.00384976
           7      0.0245   0.0314429  0.00346934
           8     0.04682    0.033365  0.00352819
           9      0.0412   0.0342356  0.00324179
          10     0.04462    0.035274  0.00307945
          11      0.0247   0.0343127  0.00294571
          12     0.02938   0.0339017  0.00272877
          13     0.04568   0.0348077  0.00266503
          14     0.03152   0.0345729    0.002485
          15     0.03926   0.0348853   0.0023389
          16      0.0228     0.03413  0.00231146
          17     0.03088   0.0339388  0.00218339
          18     0.03748   0.0341356  0.00207093
          19      0.0035   0.0325232  0.00251241
          20      0.0193    0.031862  0.00247225
# Temperatura= 1.9
           1     0.04612     0.04612           0
           2      0.0201     0.03311  0.00919946
           3     0.01518   0.0271333  0.00783754
           4     0.00808     0.02237  0.00718121
           5     0.02364    0.022624  0.00574946
           6      0.0272   0.0233867  0.00484153
           7     0.06908   0.0299143  0.00733105
           8     0.03246   0.0302325  0.00642157
           9     0.02936   0.0301356  0.00570879
          10     0.03312    0.030434  0.00514571
          11     0.04272   0.0315509   0.0047976
          12     0.02594   0.0310833  0.00442053
          13      0.0141   0.0297769  0.00426917
          14     0.01344     0.02861  0.00412062
          15     0.00988   0.0273613  0.00403067
          16      0.0454   0.0284887  0.00393327
          17     0.02776   0.0284459  0.00370213
          18     0.01862      0.0279  0.00353648
          19     0.03052   0.0280379  0.00335303
          20     0.02566    0.027919  0.00318749
# Temperatura= 2
           1     0.02322     0.02322           0
           2     0.03606     0.02964  0.00453963
           3     0.04762   0.0356333  0.00575377
           4     0.02126     0.03204  0.00532035
           5     0.03366    0.032364  0.00426613
           6      0.0305   0.0320533   0.0035664
           7     0.02706     0.03134  0.00312744
           8     0.04462       0.033  0.00314637
           9     0.03056   0.0327289  0.00280843
          10     0.01098    0.030554  0.00326279
          11      0.0088   0.0285764  0.00351478
          12     0.04038     0.02956   0.0033567
          13     0.02092   0.0288954  0.00316361
          14     0.03006   0.0289786  0.00293873
          15     0.03874   0.0296293  0.00281394
          16     0.02852     0.02956  0.00263893
          17      0.0257   0.0293329  0.00249344
          18      0.0364   0.0297256  0.00238563
          19     0.02322   0.0293832  0.00228451
          20     0.01308    0.028568  0.00231114
# Temperatura= 2.1
           1     0.01862     0.01862           0
           2     0.02916     0.02389  0.00372645
           3     0.01418   0.0206533  0.00362709
           4     0.02342    0.021345  0.00278548
           5     0.01746    0.020568  0.00233424
           6      0.0294     0.02204  0.00236421
           7     0.01202   0.0206086  0.00242133
           8      0.0266   0.0213575  0.00223148
           9     0.02514   0.0217778  0.00202273
          10     0.02846    0.022446  0.00192767
          11     0.03198   0.0233127  0.00193751
          12     0.01776     0.02285  0.00183047
          13     0.03312     0.02364  0.00185231
          14     0.02854     0.02399  0.00175276
          15      0.0253   0.0240773  0.00163808
          16     0.01234   0.0233437  0.00169201
          17     0.03258   0.0238871  0.00167744
          18     0.01986   0.0236633   0.0015991
          19     0.00218   0.0225326  0.00187249
          20     0.01626    0.022219  0.00180494
# Temperatura= 2.2
           1     0.02968     0.02968           0
           2     0.02124     0.02546  0.00298399
           3      0.0312   0.0273733  0.00252942
           4      0.0271    0.027305  0.00189799
           5     0.02884    0.027612  0.00154302
           6     0.03274   0.0284667  0.00150404
           7     0.01384   0.0263771  0.00232473
           8      0.0274    0.026505  0.00203765
           9      0.0244   0.0262711  0.00182462
          10     0.02698    0.026342  0.00164353
          11      0.0332   0.0269655  0.00160803
          12     0.02396    0.026715   0.0014934
          13     0.01418   0.0257508  0.00166089
          14     0.03312   0.0262771  0.00162352
          15     0.01852     0.02576  0.00159553
          16     0.02094   0.0254587  0.00152398
          17     0.01398   0.0247835  0.00157684
          18     0.03076   0.0251156  0.00152379
          19      0.0348   0.0256253  0.00152646
          20     0.01156    0.024922  0.00160398
# Temperatura= 2.3
           1     0.02534     0.02534           0
           2     0.03358     0.02946  0.00291328
           3     0.01156   0.0234933  0.00524463
           4     0.03396     0.02611  0.00453954
           5     0.02672    0.026232  0.00363327
           6     0.01268   0.0239733  0.00366312
           7     0.01572   0.0227943  0.00332415
           8     0.02352    0.022885  0.00290987
           9     0.01066   0.0215267  0.00288623
          10     0.00196     0.01957  0.00319269
          11     0.01456   0.0191145  0.00293475
          12      0.0217     0.01933  0.00269808
          13       0.014     0.01892   0.0025215
          14     0.02418   0.0192957  0.00236922
          15     0.01152   0.0187773  0.00226727
          16     0.02602     0.01923  0.00217028
          17     0.03334     0.02006   0.0021956
          18     0.02336   0.0202433  0.00208127
          19     0.01234   0.0198274  0.00201286
          20     0.02192    0.019932  0.00191494
# Temperatura= 2.4
           1     0.02816     0.02816           0
           2      0.0294     0.02878 0.000438406
           3     0.01962   0.0257267  0.00251011
           4     0.02514     0.02558  0.00188686
           5     0.00878     0.02222  0.00336307
           6     0.03282   0.0239867  0.00323346
           7     0.02616   0.0242971   0.0027864
           8     0.02514   0.0244025  0.00244009
           9     0.03862   0.0259822   0.0026311
          10     0.03426     0.02681  0.00249481
          11     0.01898   0.0260982  0.00236738
          12     0.01482   0.0251583  0.00234926
          13     0.03398   0.0258369  0.00226443
          14     0.00938   0.0246614  0.00238839
          15     0.03132   0.0251053  0.00227004
          16     0.02048   0.0248162  0.00214649
          17      0.0126   0.0240976  0.00213713
          18     0.00822   0.0232156   0.0021929
          19     0.01082   0.0225632  0.00217236
          20     0.01776    0.022323  0.00207697
# Temperatura= 2.5
           1     0.01442     0.01442           0
           2     0.01114     0.01278  0.00115966
           3     0.02012   0.0152267  0.00214207
           4     0.01412     0.01495  0.00162432
           5     0.01094    0.014148   0.0014843
           6      0.0098   0.0134233  0.00140271
           7     0.02494   0.0150686  0.00194054
           8     0.01964     0.01564  0.00178012
           9     0.01678   0.0157667  0.00158683
          10     0.01976    0.016166  0.00147754
          11     0.02232   0.0167255  0.00144526
          12     0.04266   0.0188867  0.00245698
          13     0.01898   0.0188938  0.00226799
          14     0.02126   0.0190629  0.00211228
          15     0.02902   0.0197267  0.00207314
          16     0.01296   0.0193037  0.00198624
          17    -0.00442   0.0179082  0.00230815
          18     0.02916   0.0185333  0.00226299
          19     0.02178   0.0187042  0.00215032
          20    -0.00162    0.017688  0.00227027
# Temperatura= 2.6
           1     0.01384     0.01384           0
           2     0.02492     0.01938  0.00391737
           3     0.01822   0.0189933  0.00263059
           4     0.00646     0.01586  0.00335497
           5       0.039    0.020488   0.0049334
           6     0.01208   0.0190867  0.00430559
           7     0.02514   0.0199514  0.00377635
           8     0.03096   0.0213275  0.00354617
           9     0.02366   0.0215867  0.00316161
          10     0.02634    0.022062  0.00288096
          11     0.00256   0.0202891  0.00311719
          12     0.01788   0.0200883  0.00286389
          13      0.0335     0.02112   0.0028233
          14     0.01692     0.02082  0.00263753
          15    -0.00248   0.0192667  0.00288304
          16     0.00752   0.0185325  0.00279476
          17       0.012   0.0181482  0.00265665
          18      0.0278   0.0186844   0.0025626
          19     0.01586   0.0185358  0.00243204
          20     0.01478    0.018348  0.00231767
# Temperatura= 2.7
           1     0.01206     0.01206           0
           2      0.0239     0.01798  0.00418607
           3     0.01714      0.0177  0.00280006
           4     0.01324    0.016585  0.00231141
           5     0.00886     0.01504  0.00230844
           6     0.01786     0.01551  0.00197097
           7     0.01762   0.0158114  0.00171229
           8     0.03354   0.0180275  0.00255771
           9     0.01032   0.0171711  0.00241263
          10     0.01862    0.017316  0.00217572
          11     0.02442   0.0179618  0.00207156
          12       0.013   0.0175483  0.00193975
          13     0.02166   0.0178646  0.00181614
          14     0.00486   0.0169357  0.00190925
          15     0.02158   0.0172453   0.0018069
          16     0.01446   0.0170712  0.00170233
          17      0.0124   0.0167965  0.00162422
          18      0.0008   0.0159078   0.0017604
          19      0.0132   0.0157653  0.00167351
          20     0.01166     0.01556  0.00160237
# Temperatura= 2.8
           1     0.02668     0.02668           0
           2     0.01438     0.02053  0.00434871
           3     0.02946   0.0235067  0.00378312
           4     0.01356     0.02102  0.00356204
           5     0.02286    0.021388  0.00286858
           6      0.0091     0.01934  0.00303474
           7     0.03288   0.0212743  0.00315805
           8     0.03272    0.022705  0.00307032
           9     0.01244   0.0215644  0.00293338
          10      0.0107    0.020478   0.0028341
          11     0.01916   0.0203582  0.00257899
          12      0.0196    0.020295  0.00236485
          13     0.02536   0.0206846   0.0022148
          14     0.01564   0.0203243   0.0020857
          15       8e-05   0.0189747  0.00234297
          16     0.00216   0.0179237  0.00242078
          17     0.01462   0.0177294  0.00228617
          18     0.02682   0.0182344  0.00221424
          19     0.01364   0.0179926  0.00211086
          20      0.0104    0.017613  0.00203917
# Temperatura= 2.9
           1     0.02654     0.02654           0
           2      -0.003     0.01177    0.010444
           3     0.02202   0.0151867  0.00750072
           4      0.0102     0.01394  0.00572821
           5     0.00952    0.013056  0.00465028
           6     0.00112   0.0110667  0.00427964
           7     0.02068     0.01244  0.00388236
           8     0.00938   0.0120575  0.00341586
           9      0.0088   0.0116956  0.00305543
          10     0.01804     0.01233  0.00281499
          11     0.01766   0.0128145  0.00260045
          12     0.01606    0.013085  0.00239777
          13     0.00452   0.0124262  0.00230206
          14     0.01008   0.0122586  0.00214372
          15     0.01564    0.012484  0.00201262
          16      0.0187   0.0128725  0.00192397
          17     0.01822   0.0131871  0.00183633
          18     0.00932   0.0129722  0.00174683
          19    -0.00162   0.0122042  0.00181589
          20     0.01656    0.012422  0.00173811
# Temperatura= 3
           1     0.01678     0.01678           0
           2     0.00294     0.00986  0.00489318
           3     0.02744     0.01572   0.0057909
           4     0.02158    0.017185  0.00452469
           5     0.00946     0.01564  0.00387456
           6     0.01544   0.0156067  0.00322894
           7     0.01386   0.0153571  0.00277729
           8     0.01226     0.01497  0.00245696
           9     0.00702   0.0140867  0.00233737
          10      0.0058    0.013258  0.00224573
          11      0.0063   0.0126255  0.00212879
          12     0.00908     0.01233  0.00197179
          13     0.01048   0.0121877  0.00182524
          14     0.00264   0.0115057  0.00181781
          15     0.00574   0.0111213  0.00173679
          16     0.01402   0.0113025  0.00163766
          17     0.00882   0.0111565  0.00154783
          18      0.0134   0.0112811  0.00146684
          19     0.02168   0.0118284  0.00148825
          20     0.01238    0.011856  0.00141409
