#     BLOCK:   ACTUAL_X:     X_AVE:       ERROR:
# Temperatura= 0.5
           1     90.6938     90.6938           0
           2     95.7282      93.211     1.77993
           3     81.9544     89.4588     3.28542
           4     77.1729     86.3873     3.62589
           5      85.785     86.2668     2.90271
           6     84.9671     86.0502       2.427
           7     85.1552     85.9224     2.08365
           8     73.0268     84.3104     2.36593
           9     96.6833     85.6852     2.47038
          10     68.5142     83.9681     2.75624
          11     79.1582     83.5308     2.54012
          12     80.2878     83.2606     2.34277
          13     60.0666     81.4764     2.75953
          14     77.3426     81.1811     2.57817
          15     86.9731     81.5673     2.43503
          16     76.8781     81.2742     2.30041
          17     78.1718     81.0917     2.17232
          18     89.1659     81.5403     2.09744
          19     65.8883     80.7165     2.14272
          20     66.3254     79.9969     2.15302
# Temperatura= 0.6
           1     36.1932     36.1932           0
           2     30.4795     33.3363     2.02011
           3     36.9785     34.5504     1.67223
           4     47.3494     37.7502     3.04167
           5     35.4577     37.2917     2.46765
           6     35.4735     36.9886      2.0749
           7     32.9764     36.4154     1.85596
           8     28.4033     35.4139     1.87481
           9     49.7161     37.0031     2.24097
          10     57.8809     39.0908     2.82679
          11     36.9006     38.8917     2.57681
          12     39.4201     38.9358     2.36246
          13     50.8865     39.8551      2.3528
          14     47.0257     40.3672      2.2398
          15     40.5644     40.3804     2.09052
          16     43.0182     40.5453     1.96635
          17     39.5245     40.4852      1.8516
          18     36.8716     40.2844     1.75958
          19     45.4304     40.5553     1.68769
          20     47.4965     40.9023      1.6386
# Temperatura= 0.7
           1     35.2622     35.2622           0
           2     36.6054     35.9338    0.474873
           3     25.8072     32.5583     2.77423
           4      29.966     31.9102     2.15504
           5     14.0238     28.3329     3.63454
           6     23.5632      27.538     3.11451
           7     16.3936     25.9459     3.04945
           8     26.2248     25.9808     2.66847
           9     24.8915     25.8597     2.37472
          10     23.0541     25.5792     2.15376
          11     26.1567     25.6317      1.9586
          12     31.0904     26.0866     1.84745
          13     23.9718     25.9239     1.71249
          14     22.9305     25.7101     1.60346
          15     20.3789     25.3547     1.53545
          16     21.9503     25.1419     1.45415
          17     31.1961      25.498     1.41155
          18     16.9925     25.0255        1.41
          19     27.9713     25.1805     1.34429
          20     25.4223     25.1926     1.27713
# Temperatura= 0.8
           1     13.3781     13.3781           0
           2     14.2269     13.8025    0.300096
           3     15.0063     14.2038    0.383887
           4     17.9648      15.144      0.8637
           5     15.6854     15.2523    0.697713
           6     14.9319     15.1989    0.583468
           7     15.7852     15.2827    0.506092
           8     12.3595     14.9173    0.559396
           9     9.29265     14.2923    0.770989
          10     16.6815     14.5312    0.729972
          11     13.9175     14.4754    0.665741
          12      17.004     14.6862    0.642743
          13     12.9318     14.5512    0.607302
          14     11.9515     14.3655    0.591632
          15     16.6602     14.5185    0.571626
          16     11.4952     14.3295    0.566269
          17     17.5992     14.5219    0.564678
          18     16.5056     14.6321    0.543955
          19     16.2951     14.7196     0.52232
          20     16.1909     14.7932    0.501358
# Temperatura= 0.9
           1     10.6326     10.6326           0
           2     12.4639     11.5483    0.647458
           3     9.30329     10.7999    0.748091
           4     8.63822     10.2595    0.730647
           5     9.82204      10.172    0.589733
           6     10.9244     10.2974      0.5046
           7     11.9829     10.5382    0.486582
           8     9.79071     10.4448    0.434638
           9     10.4055     10.4404    0.386367
          10     9.95116     10.3915    0.350814
          11     11.0845     10.4545     0.32453
          12     9.64747     10.3872    0.304374
          13     10.7214     10.4129    0.282044
          14     9.43587     10.3431    0.270395
          15     10.6238     10.3619    0.253015
          16     10.7806      10.388    0.238551
          17     9.78218     10.3524    0.227165
          18     11.6955      10.427    0.226469
          19     10.5333     10.4326    0.214618
          20     10.4994     10.4359    0.203913
# Temperatura= 1
           1     7.66428     7.66428           0
           2      6.8988     7.28154    0.270638
           3      8.4604     7.67449    0.368096
           4     8.64424     7.91693    0.346839
           5     6.15412     7.56437    0.420036
           6     6.26624     7.34801    0.401907
           7      8.3812     7.49561    0.370604
           8     8.79284     7.65777    0.357999
           9     7.34408     7.62291    0.319914
          10     5.95356     7.45598    0.328603
          11     8.96672     7.59332    0.326171
          12      7.7588     7.60711    0.299281
          13     7.75584     7.61855    0.276478
          14     6.87216     7.56523    0.261819
          15      7.7606     7.57826    0.244689
          16     8.44544     7.63246    0.235321
          17     7.15072     7.60412    0.223179
          18     8.26976      7.6411    0.213822
          19     8.63004     7.69315    0.208807
          20     8.44748     7.73087    0.201744
# Temperatura= 1.1
           1     6.43676     6.43676           0
           2     4.88731     5.66204    0.547815
           3     5.34211     5.55539    0.375446
           4     5.80007     5.61656    0.286525
           5     5.77684     5.64862    0.231006
           6      5.4952     5.62305    0.193915
           7     5.02582     5.53773    0.184027
           8     4.97807     5.46777    0.173813
           9     5.00298     5.41613    0.161991
          10     5.96429     5.47095    0.154789
          11     6.79465     5.59128    0.181565
          12     6.00745     5.62596    0.169715
          13     4.78193     5.56104    0.168622
          14     5.66905     5.56875    0.156754
          15     5.25102     5.54757    0.147728
          16     5.46716     5.54255     0.13858
          17     5.32305     5.52963    0.131029
          18     5.32444     5.51823    0.124244
          19     5.75342     5.53061     0.11832
          20     5.82204     5.54518    0.113298
# Temperatura= 1.2
           1     3.68703     3.68703           0
           2     4.22393     3.95548    0.189823
           3      3.9646     3.95852    0.126573
           4       4.068     3.98589    0.097844
           5      5.4309     4.27489    0.270083
           6     4.35547     4.28832    0.225402
           7      4.7219     4.35026    0.201533
           8     4.32653      4.3473    0.176363
           9     4.08357     4.31799    0.159183
          10       4.857     4.37189    0.152117
          11      4.4472     4.37874    0.138442
          12     4.34593     4.37601    0.126932
          13     4.29943     4.37012    0.117305
          14     4.86877     4.40573    0.114205
          15     4.70497     4.42568     0.10832
          16     4.43417     4.42621    0.101551
          17     3.77473     4.38789    0.102554
          18     3.71233     4.35036    0.103496
          19       4.584     4.36266   0.0987769
          20     4.40597     4.36482   0.0938618
# Temperatura= 1.3
           1      3.5372      3.5372           0
           2      3.9336      3.7354    0.140149
           3     3.88286     3.78455    0.101687
           4     3.61129     3.74124   0.0849918
           5     3.49874     3.69274    0.080653
           6     3.55825     3.67032   0.0702567
           7     3.20154     3.60335   0.0864328
           8      3.9704     3.64923   0.0869576
           9     3.38477     3.61985   0.0821106
          10     3.54662     3.61253   0.0742254
          11     3.38662     3.59199   0.0702614
          12     4.26951     3.64845   0.0840848
          13     3.75225     3.65643   0.0779949
          14      3.6072     3.65292   0.0725031
          15     3.25262     3.62623   0.0724146
          16     3.61714     3.62566   0.0678909
          17     3.76157     3.63366   0.0643663
          18     3.68403     3.63645   0.0608512
          19     3.54548     3.63167   0.0578366
          20     3.37483     3.61882   0.0563524
# Temperatura= 1.4
           1     3.00626     3.00626           0
           2     3.21923     3.11274   0.0752968
           3       3.355      3.1935   0.0828681
           4         3.3     3.22012   0.0662908
           5     3.25286     3.22667    0.053355
           6       3.509     3.27372   0.0618229
           7     2.88289     3.21789    0.074028
           8     2.77797      3.1629   0.0827141
           9     3.03491     3.14868   0.0747361
          10     2.68274     3.10209   0.0804867
          11      2.8208     3.07651    0.077125
          12       3.025     3.07222   0.0708173
          13     2.89591     3.05866   0.0666558
          14     2.97006     3.05233   0.0621944
          15     3.24414     3.06512   0.0593481
          16     2.99526     3.06075   0.0557992
          17      3.2104     3.06955   0.0532068
          18     2.87171     3.05856   0.0513735
          19     3.35474     3.07415   0.0509799
          20      2.9352      3.0672    0.048902
# Temperatura= 1.5
           1     2.76139     2.76139           0
           2     2.39624     2.57881    0.129099
           3     2.35997     2.50587    0.104665
           4     2.78693     2.57613   0.0993234
           5     2.59339     2.57958   0.0795186
           6     2.66899     2.59448   0.0676472
           7     2.31237     2.55418   0.0689511
           8     2.57539     2.55683   0.0603831
           9     2.66408     2.56875   0.0548371
          10     2.68733     2.58061   0.0506193
          11     2.63272     2.58535   0.0462387
          12     2.44523     2.57367    0.043835
          13     2.43664     2.56313   0.0417112
          14     2.65824     2.56992   0.0392812
          15     2.77357      2.5835   0.0389381
          16     2.31701     2.56684   0.0399078
          17     2.49589     2.56267   0.0377779
          18     2.62456     2.56611   0.0358353
          19     2.79507     2.57816   0.0359182
          20     2.58219     2.57836   0.0341229
# Temperatura= 1.6
           1      2.1825      2.1825           0
           2      2.0965      2.1395   0.0304056
           3      1.9952      2.0914   0.0441961
           4     2.02937     2.07589    0.035764
           5     2.03235     2.06718   0.0296525
           6     2.00453     2.05674   0.0264857
           7     2.06795     2.05834   0.0227504
           8     2.34085     2.09366   0.0385672
           9     2.44993     2.13324   0.0506769
          10     2.44335     2.16425   0.0542743
          11     2.00432     2.14971   0.0512506
          12     2.23235      2.1566   0.0474401
          13     2.27997     2.16609   0.0447301
          14     2.07742     2.15976   0.0419811
          15       2.361     2.17317   0.0412704
          16     2.09197      2.1681   0.0390018
          17     2.13568     2.16619   0.0367542
          18     2.14448     2.16498   0.0347321
          19     2.25108     2.16952   0.0331983
          20     1.96333     2.15921   0.0331005
# Temperatura= 1.7
           1     1.90911     1.90911           0
           2     1.85576     1.88244    0.018859
           3     1.98849     1.91779   0.0314848
           4     1.97221     1.93139   0.0263902
           5     1.87165     1.91944   0.0236633
           6     1.81235      1.9016     0.02558
           7     2.01101     1.91723   0.0262708
           8     2.06541     1.93575   0.0287857
           9     1.77278     1.91764   0.0307601
          10     2.02205     1.92808   0.0294026
          11     1.70979     1.90824   0.0327489
          12     1.67111     1.88848   0.0354844
          13     1.82151     1.88332   0.0331267
          14     2.11002     1.89952   0.0344918
          15     1.88153     1.89832   0.0322132
          16     1.88101     1.89724    0.030218
          17     1.89407     1.89705   0.0284411
          18     1.83304     1.89349   0.0270825
          19     1.89654     1.89365   0.0256575
          20     1.73753     1.88585   0.0255346
# Temperatura= 1.8
           1     1.92002     1.92002           0
           2     1.78176     1.85089   0.0488846
           3      1.7536     1.81846   0.0419906
           4     1.61142      1.7667   0.0547821
           5     1.67327     1.74801   0.0469046
           6     1.78236     1.75374   0.0394348
           7     1.57729     1.72853   0.0410749
           8     1.62309     1.71535   0.0379963
           9     1.79769      1.7245   0.0348585
          10     1.72631     1.72468   0.0313732
          11     1.72893     1.72507   0.0285234
          12      1.6884     1.72201   0.0263096
          13      1.6226     1.71436   0.0253728
          14      1.5994     1.70615   0.0248538
          15     1.75987     1.70973   0.0234534
          16     1.63129     1.70483   0.0224942
          17     1.60191     1.69878   0.0219706
          18     1.62696     1.69479   0.0211092
          19     1.82569     1.70168   0.0210926
          20     1.68429     1.70081   0.0200559
# Temperatura= 1.9
           1     1.52459     1.52459           0
           2     1.44297     1.48378   0.0288574
           3     1.49735      1.4883   0.0195895
           4     1.45815     1.48076   0.0160773
           5     1.53821     1.49225   0.0164631
           6     1.36061     1.47031   0.0242769
           7     1.65347     1.49648   0.0319351
           8     1.46316     1.49231   0.0282135
           9     1.56497     1.50039   0.0262082
          10     1.50065     1.50041   0.0235874
          11     1.55756     1.50561   0.0220077
          12     1.51192     1.50613     0.02018
          13     1.48274     1.50433   0.0187078
          14     1.51648      1.5052   0.0173917
          15     1.59716     1.51133   0.0172789
          16     1.46011     1.50813    0.016493
          17     1.41653     1.50274   0.0163794
          18     1.35057     1.49429   0.0175158
          19     1.45518     1.49223   0.0167144
          20     1.50895     1.49307   0.0158996
# Temperatura= 2
           1     1.25938     1.25938           0
           2      1.2656     1.26249   0.0021991
           3     1.31114     1.27871   0.0133218
           4     1.31672     1.28821   0.0129446
           5      1.2832     1.28721   0.0103944
           6     1.31852     1.29243   0.0098856
           7     1.30144     1.29371  0.00855681
           8     1.39208     1.30601   0.0137239
           9     1.29498     1.30478   0.0122536
          10     1.35048     1.30935   0.0118497
          11     1.32088      1.3104   0.0108187
          12     1.35188     1.31386   0.0104547
          13     1.30538     1.31321  0.00967082
          14     1.46442     1.32401   0.0137466
          15      1.3989       1.329   0.0137069
          16     1.35912     1.33088   0.0129789
          17     1.36136     1.33268   0.0123386
          18     1.41376     1.33718   0.0124483
          19      1.3517     1.33794   0.0118166
          20     1.33538     1.33782   0.0112264
# Temperatura= 2.1
           1     1.22375     1.22375           0
           2     1.28187     1.25281   0.0205465
           3       1.292     1.26587   0.0173608
           4      1.1872      1.2462   0.0214398
           5      1.2411     1.24518   0.0171761
           6     1.26261     1.24809   0.0145569
           7     1.26808     1.25094   0.0127543
           8      1.3085     1.25814   0.0130318
           9     1.21398     1.25323   0.0124733
          10     1.28678     1.25659   0.0116684
          11      1.3292     1.26319   0.0123344
          12     1.34183     1.26974   0.0129308
          13     1.12589     1.25868   0.0159845
          14     1.22118       1.256   0.0150654
          15      1.2587     1.25618   0.0140621
          16     1.10834     1.24694   0.0159322
          17     1.24078     1.24658   0.0149991
          18     1.26566     1.24764   0.0142032
          19     1.16038     1.24304   0.0141787
          20     1.21019      1.2414   0.0135646
# Temperatura= 2.2
           1     1.11305     1.11305           0
           2     1.08036     1.09671    0.011558
           3     1.05551     1.08298   0.0136055
           4     1.07733     1.08156   0.0102771
           5     1.21111     1.10747    0.024589
           6     1.11647     1.10897   0.0205366
           7     1.20804     1.12312   0.0219437
           8     1.09722     1.11989   0.0194382
           9        1.14     1.12212   0.0174064
          10     1.08925     1.11883    0.015973
          11     1.09322     1.11651   0.0146897
          12     1.17305     1.12122   0.0142013
          13     1.18525     1.12614    0.013937
          14     1.21787      1.1327   0.0143995
          15      1.0922        1.13   0.0136903
          16     1.15235     1.13139   0.0129057
          17     1.18302     1.13443   0.0124987
          18      1.0934     1.13215   0.0120104
          19     1.11753     1.13138   0.0114029
          20     1.09145     1.12938   0.0110061
# Temperatura= 2.3
           1     1.05235     1.05235           0
           2     1.06605      1.0592  0.00484522
           3     1.12101      1.0798   0.0171295
           4      1.0869     1.08158   0.0129388
           5    0.984522     1.06217   0.0202134
           6     1.01579     1.05444   0.0182626
           7     1.00873     1.04791   0.0167804
           8     1.02701      1.0453   0.0148848
           9     1.10412     1.05183   0.0145957
          10     1.01296     1.04794    0.013644
          11    0.981635     1.04192   0.0136706
          12     1.04318     1.04202   0.0125318
          13     1.01254     1.03975   0.0117712
          14     1.04127     1.03986   0.0109309
          15     1.05597     1.04094   0.0102548
          16    0.967861     1.03637   0.0105821
          17     1.02423     1.03565  0.00998373
          18    0.975496     1.03231  0.00997281
          19     1.02464     1.03191  0.00945609
          20    0.971652      1.0289  0.00945106
# Temperatura= 2.4
           1      1.0352      1.0352           0
           2       1.043      1.0391  0.00275772
           3     0.94965     1.00928   0.0244145
           4     1.02843     1.01407   0.0187744
           5    0.959083     1.00307   0.0179539
           6    0.979117    0.999081   0.0153992
           7    0.863317    0.979686   0.0222855
           8     0.97655    0.979294   0.0195033
           9    0.952933    0.976365   0.0175548
          10    0.985033    0.977232   0.0158207
          11       0.965     0.97612   0.0144215
          12     0.93525    0.972714   0.0136159
          13      0.9841     0.97359   0.0125967
          14    0.989633    0.974736   0.0117489
          15    0.960233    0.973769   0.0110054
          16    0.949217    0.972234    0.010424
          17    0.896533    0.967781   0.0107198
          18    0.943217    0.966417   0.0102108
          19    0.961533     0.96616  0.00967659
          20    0.947083    0.965206  0.00923965
# Temperatura= 2.5
           1    0.867488    0.867488           0
           2    0.869488    0.868488 0.000707107
           3    0.961072    0.899349   0.0252026
           4    0.910736    0.902196    0.019062
           5    0.903616     0.90248   0.0152517
           6    0.871856    0.897376   0.0135369
           7    0.889216     0.89621   0.0116531
           8    0.905456    0.897366   0.0102536
           9    0.827792    0.889636   0.0116701
          10    0.915072    0.892179   0.0107767
          11    0.934944    0.896067   0.0104748
          12    0.943904    0.900053   0.0103327
          13    0.823328    0.894151   0.0110961
          14    0.898448    0.894458   0.0103078
          15    0.816064    0.889232   0.0108651
          16    0.856144    0.887164   0.0103809
          17    0.883472    0.886947  0.00977256
          18    0.864992    0.885727  0.00930544
          19    0.911456    0.887081  0.00891367
          20     0.87816    0.886635  0.00847914
# Temperatura= 2.6
           1    0.801785    0.801785           0
           2    0.882415      0.8421   0.0285073
           3    0.825446    0.836549   0.0195379
           4    0.750123    0.814942   0.0237666
           5    0.821569    0.816268   0.0190502
           6    0.835877    0.819536   0.0161531
           7    0.912723    0.832848   0.0185365
           8       0.874    0.837992   0.0169181
           9    0.831723    0.837296   0.0150527
          10    0.826338      0.8362   0.0135872
          11    0.787708    0.831792   0.0130476
          12    0.817077    0.830565   0.0120178
          13      0.8212    0.829845   0.0111149
          14    0.844108    0.830864   0.0103676
          15    0.866908    0.833267  0.00995096
          16    0.849354    0.834272  0.00937968
          17    0.835062    0.834319  0.00882805
          18      0.8186    0.833445  0.00838068
          19    0.769923    0.830102  0.00858058
          20    0.837092    0.830452  0.00815867
# Temperatura= 2.7
           1    0.746074    0.746074           0
           2    0.691985     0.71903   0.0191233
           3    0.767244    0.735101   0.0182957
           4    0.839867    0.761293   0.0265099
           5    0.748207    0.758676   0.0213367
           6    0.791867    0.764207   0.0184838
           7    0.760519     0.76368   0.0158508
           8     0.77683    0.765324   0.0139544
           9    0.834444    0.773004   0.0143627
          10    0.768193    0.772523   0.0129345
          11        0.79    0.774112   0.0118558
          12    0.760859    0.773007   0.0109191
          13    0.717985    0.768775   0.0108686
          14    0.759037    0.768079   0.0101145
          15    0.804267    0.770492  0.00972363
          16    0.755185    0.769535  0.00916284
          17    0.716533    0.766417   0.0091389
          18     0.72163    0.763929  0.00896351
          19    0.807467    0.766221  0.00877976
          20    0.734978    0.764659   0.0084786
# Temperatura= 2.8
           1    0.748029    0.748029           0
           2      0.7052    0.726614   0.0151422
           3    0.755357    0.736195   0.0127711
           4    0.702757    0.727836   0.0120065
           5    0.724714    0.727211   0.0096214
           6    0.721486    0.726257  0.00806502
           7      0.8231    0.740092   0.0145549
           8    0.736771    0.739677   0.0127414
           9    0.720814    0.737581   0.0114968
          10    0.803543    0.744177   0.0120922
          11    0.750371     0.74474    0.011006
          12    0.730057    0.743517   0.0101566
          13    0.743471    0.743513  0.00937536
          14    0.754771    0.744317  0.00874011
          15    0.745857     0.74442  0.00815804
          16    0.737671    0.743998  0.00765906
          17    0.723871    0.742814  0.00729946
          18    0.677229    0.739171  0.00775015
          19    0.741114    0.739273  0.00734293
          20    0.731571    0.738888  0.00698587
# Temperatura= 2.9
           1    0.675241    0.675241           0
           2    0.705283    0.690262   0.0106212
           3    0.657393    0.679306    0.011409
           4    0.678979    0.679224  0.00855704
           5    0.686028    0.680585  0.00695298
           6    0.719848    0.687129  0.00832213
           7    0.665931      0.6841  0.00766443
           8    0.694234    0.685367  0.00681025
           9      0.6508    0.681526  0.00705395
          10    0.725172    0.685891  0.00757951
          11    0.681752    0.685515   0.0068998
          12    0.672303    0.684414  0.00641205
          13    0.763076    0.690465  0.00829636
          14    0.694634    0.690763  0.00770911
          15    0.691972    0.690843  0.00719559
          16    0.685531    0.690511  0.00675352
          17    0.685007    0.690187  0.00636401
          18    0.655821    0.688278  0.00629034
          19    0.688593    0.688295  0.00595929
          20    0.674703    0.687615  0.00569994
# Temperatura= 3
           1    0.661133    0.661133           0
           2    0.639187     0.65016  0.00775932
           3     0.65808      0.6528  0.00560402
           4    0.657907    0.654077  0.00434601
           5     0.61672    0.646605  0.00753292
           6    0.632147    0.644196  0.00665172
           7      0.6238    0.641282  0.00630741
           8    0.716227     0.65065   0.0103562
           9    0.649827    0.650559  0.00920589
          10    0.626307    0.648133  0.00859881
          11    0.642107    0.647585  0.00783453
          12     0.60764    0.644257  0.00785707
          13    0.643653     0.64421  0.00725282
          14      0.6128    0.641967  0.00707327
          15    0.686707    0.644949  0.00720319
          16    0.637293    0.644471  0.00676886
          17    0.612147    0.642569  0.00663238
          18     0.65888    0.643476  0.00632551
          19    0.648867    0.643759  0.00599895
          20    0.713413    0.647242  0.00663336
