0.082359 1000 0
0.0818815 2000 0.00047742
0.0814447 3000 0.000516519
0.0813349 4000 0.000381386
0.0822865 5000 0.000996368
0.0823757 6000 0.000818406
0.082341 7000 0.000692546
0.0824766 8000 0.000614897
0.0825417 9000 0.000546176
0.0829479 10000 0.000635342
0.0829059 11000 0.000576216
0.0829886 12000 0.000532462
0.0828624 13000 0.000505787
0.0828839 14000 0.000468761
0.0828735 15000 0.000436517
0.0825729 16000 0.000507056
0.0827421 17000 0.000505462
0.0828204 18000 0.000482942
0.0828234 19000 0.000456828
0.0826943 20000 0.000452212
0.0826217 21000 0.000436212
0.0828008 22000 0.000452825
0.0827009 23000 0.000444087
0.0828733 24000 0.000458822
0.0828204 25000 0.000443256
0.0828291 26000 0.000425956
0.0828813 27000 0.000413184
0.0828998 28000 0.000398583
0.0829396 29000 0.000386655
0.0830089 30000 0.000379914
0.082953 31000 0.000371678
0.0829476 32000 0.000359918
0.0830098 33000 0.000354352
0.0830516 34000 0.000346296
0.0829559 35000 0.000349601
0.0829499 36000 0.000339803
0.082882 37000 0.000337393
0.0829307 38000 0.000331984
0.0828841 39000 0.000326705
0.0827767 40000 0.00033607
0.0827253 41000 0.000331768
0.0826391 42000 0.000335063
0.0827149 43000 0.000335852
0.0827987 44000 0.000338663
0.0829014 45000 0.000346602
0.0828804 46000 0.000339628
0.0828255 47000 0.000336839
0.0828538 48000 0.000330965
0.0828886 49000 0.000326001
0.0829376 50000 0.000323149
0.082901 51000 0.000318854
0.0828249 52000 0.000321803
0.0829032 53000 0.000325238
0.0828677 54000 0.000321126
0.0828775 55000 0.000315387
0.0828928 56000 0.000310082
0.0828598 57000 0.000306377
0.0828275 58000 0.000302783
0.0829599 59000 0.00032576
0.0829973 60000 0.000322457
0.0829583 61000 0.000319511
0.0829509 62000 0.000314404
0.0829248 63000 0.000310469
0.0828475 64000 0.000315211
0.0828434 65000 0.000310351
0.0828504 66000 0.000305693
0.0829176 67000 0.000308506
0.0829729 68000 0.000308911
0.0829635 69000 0.000304543
0.0829941 70000 0.000301714
0.0830626 71000 0.000305223
0.0830549 72000 0.000301053
0.0830445 73000 0.000297085
0.0829965 74000 0.000296939
0.0830081 75000 0.000293184
0.0829569 76000 0.000293812
0.0829166 77000 0.000292749
0.0829763 78000 0.000295075
0.0829705 79000 0.000291374
0.0830042 80000 0.000289668
0.0829996 81000 0.000286106
0.0830353 82000 0.000284842
0.0830627 83000 0.00028272
0.0830848 84000 0.00028021
0.0830752 85000 0.00027706
0.0830552 86000 0.000274549
0.0830287 87000 0.000272671
0.0830787 88000 0.000274163
0.0830537 89000 0.000272217
0.0830104 90000 0.000272649
0.0830649 91000 0.00027509
0.0830631 92000 0.00027209
0.0830487 93000 0.000269532
0.0830478 94000 0.000266651
0.0830772 95000 0.000265468
0.0830923 96000 0.00026312
0.0831297 97000 0.000263059
0.0831331 98000 0.000260384
0.0831495 99000 0.000258259
0.0831182 100000 0.000257567
