0.513094 1000 0
0.502155 2000 0.0109394
0.503937 3000 0.00656241
0.504035 4000 0.00464137
0.50404 5000 0.00359519
0.50334 6000 0.00301762
0.503553 7000 0.00255919
0.502826 8000 0.00233255
0.501063 9000 0.00270926
0.501573 10000 0.0024764
0.502025 11000 0.00228509
0.501995 12000 0.00208621
0.502622 13000 0.00201888
0.502936 14000 0.00189534
0.502609 15000 0.00179445
0.502748 16000 0.00168427
0.502709 17000 0.00158258
0.502656 18000 0.001493
0.501958 19000 0.00157572
0.501735 20000 0.00151132
0.501057 21000 0.00158964
0.501209 22000 0.00152326
0.500219 23000 0.00175992
0.500241 24000 0.00168513
0.500009 25000 0.00163283
0.500076 26000 0.00157021
0.50067 27000 0.00162353
0.500589 28000 0.00156659
0.500107 29000 0.00158663
0.499922 30000 0.00154387
0.499838 31000 0.00149561
0.49948 32000 0.00149172
0.499352 33000 0.00145145
0.499304 34000 0.00140894
0.499273 35000 0.00136844
0.499509 36000 0.00135064
0.49932 37000 0.00132712
0.499238 38000 0.00129434
0.499295 39000 0.00126199
0.499285 40000 0.00123007
0.498972 41000 0.00123975
0.49927 42000 0.00124594
0.499102 43000 0.00122811
0.499089 44000 0.00119995
0.49927 45000 0.00118691
0.499318 46000 0.00116179
0.499094 47000 0.00115852
0.49901 48000 0.00113728
0.499137 49000 0.0011211
0.499329 50000 0.001115
0.499642 51000 0.0011369
0.499716 52000 0.00111726
0.499952 53000 0.00112126
0.499964 54000 0.00110036
0.499965 55000 0.00108017
0.499997 56000 0.0010612
0.500025 57000 0.00104277
0.500168 58000 0.00103468
0.500191 59000 0.00101725
0.500186 60000 0.00100017
0.500478 61000 0.00102631
0.500138 62000 0.00106537
0.49994 63000 0.00106689
0.500062 64000 0.00105718
0.499962 65000 0.00104567
0.500102 66000 0.00103919
0.50002 67000 0.00102684
0.499914 68000 0.00101714
0.499924 69000 0.00100234
0.499992 70000 0.000990282
0.499979 71000 0.00097632
0.499935 72000 0.000963681
0.500059 73000 0.000958506
0.499968 74000 0.000949877
0.50024 75000 0.000975896
0.500289 76000 0.000964215
0.500452 77000 0.000965378
0.500522 78000 0.000955524
0.500727 79000 0.000965271
0.500847 80000 0.000960683
0.50084 81000 0.000948779
0.500725 82000 0.000944081
0.500656 83000 0.000935186
0.500801 84000 0.000935189
0.500781 85000 0.000924325
0.500883 86000 0.000919167
0.50074 87000 0.000919671
0.500858 88000 0.00091673
0.500781 89000 0.000909627
0.500671 90000 0.000906151
0.500625 91000 0.000897344
0.500587 92000 0.000888314
0.500507 93000 0.000882425
0.500676 94000 0.000889345
0.500665 95000 0.000880009
0.500505 96000 0.000885294
0.500536 97000 0.000876653
0.500678 98000 0.000879317
0.500612 99000 0.000872935
0.500547 100000 0.000866607
