# VELOCITY:     ACTUAL_POFV:     AVE_POFV:        ERROR:
#blocco numero 1
   0.0942809   0.0136265   0.0136265           0
    0.282843   0.0946737   0.0946737           0
    0.471405    0.446901    0.446901           0
    0.659966    0.305431    0.305431           0
    0.848528     0.31972     0.31972           0
     1.03709    0.335507    0.335507           0
     1.22565    0.355297    0.355297           0
     1.41421    0.365952    0.365952           0
     1.60278    0.375012    0.375012           0
     1.79134     0.38557     0.38557           0
      1.9799    0.358587    0.358587           0
     2.16846    0.338797    0.338797           0
     2.35702    0.255344    0.255344           0
     2.54558     0.17383     0.17383           0
     2.73415    0.168724    0.168724           0
     2.92271    0.131772    0.131772           0
     3.11127   0.0998788   0.0998788           0
     3.29983   0.0785674   0.0785674           0
     3.48839   0.0539414   0.0539414           0
     3.67696   0.0399466   0.0399466           0
     3.86552   0.0339313   0.0339313           0
     4.05408   0.0271303   0.0271303           0
     4.24264   0.0316725   0.0316725           0
      4.4312   0.0247733   0.0247733           0
     4.61976   0.0161554   0.0161554           0
     4.80833    0.018537    0.018537           0
     4.99689   0.0301011   0.0301011           0
     5.18545   0.0171866   0.0171866           0
     5.37401   0.0209677   0.0209677           0
     5.56257  0.00766032  0.00766032           0
#blocco numero 2
   0.0942809  0.00977182   0.0116992  0.00136285
    0.282843    0.102039   0.0983566  0.00260417
    0.471405    0.133835    0.290368    0.110686
    0.659966    0.248666    0.277048   0.0200694
    0.848528    0.388712    0.354216   0.0243924
     1.03709    0.476978    0.406243   0.0500174
     1.22565    0.471012    0.413154   0.0409115
     1.41421    0.444299    0.405126   0.0276997
     1.60278    0.433496    0.404254   0.0206771
     1.79134    0.437817    0.411693   0.0184722
      1.9799    0.377345    0.367966  0.00663194
     2.16846    0.316872    0.327835  0.00775174
     2.35702    0.237445    0.246395  0.00632813
     2.54558     0.22323     0.19853   0.0174653
     2.73415    0.158264    0.163494  0.00369792
     2.92271   0.0721347    0.101954   0.0210851
     3.11127    0.057968   0.0789234   0.0148177
     3.29983   0.0543588   0.0664631  0.00855903
     3.48839   0.0232756   0.0386085    0.010842
     3.67696   0.0221707   0.0310587  0.00628472
     3.86552   0.0756457   0.0547885   0.0147483
     4.05408   0.0786165   0.0528734   0.0182031
     4.24264   0.0227354    0.027204  0.00315972
      4.4312   0.0221462   0.0234597 0.000928819
     4.61976   0.0578453   0.0370003   0.0147396
     4.80833    0.082373    0.050455   0.0225694
     4.99689    0.145718   0.0879096   0.0408767
     5.18545   0.0125708   0.0148787  0.00163194
     5.37401 0.000220971   0.0105943  0.00733507
     5.56257 0.000196419  0.00392837  0.00263889
#blocco numero 3
   0.0942809  0.00157135  0.00832324  0.00290232
    0.282843   0.0618964   0.0862032   0.0100739
    0.471405      0.1097    0.230145   0.0886729
    0.659966    0.307076    0.287058   0.0156781
    0.848528    0.308377    0.338937    0.020496
     1.03709    0.389424    0.400637   0.0336576
     1.22565    0.489794    0.438701   0.0343362
     1.41421    0.381813    0.397355    0.019526
     1.60278    0.408845    0.405784   0.0138412
     1.79134    0.431753     0.41838   0.0134707
      1.9799    0.434183    0.390038   0.0185566
     2.16846    0.314883    0.323518  0.00625551
     2.35702    0.257407    0.250065  0.00517493
     2.54558    0.311348    0.236136   0.0328387
     2.73415    0.155932    0.160973  0.00321147
     2.92271    0.127868    0.110592    0.015727
     3.11127     0.10091   0.0862523   0.0115496
     3.29983   0.0617736      0.0649  0.00584702
     3.48839    0.108742   0.0619864   0.0204107
     3.67696    0.106066   0.0560611   0.0208399
     3.86552    0.093839   0.0678053   0.0144786
     4.05408   0.0314515   0.0457328   0.0134633
     4.24264   0.0568386   0.0370822  0.00833607
      4.4312   0.0679117   0.0382771   0.0121141
     4.61976   0.0139212   0.0293073   0.0116625
     4.80833  0.00761122   0.0361737   0.0190358
     4.99689    0.107613   0.0944773   0.0277738
     5.18545  0.00564703   0.0118015  0.00273798
     5.37401           0  0.00706288  0.00567685
     5.56257           0  0.00261891  0.00205867
#blocco numero 4
   0.0942809   0.0135038  0.00961837  0.00244872
    0.282843   0.0279405   0.0716375   0.0147039
    0.471405   0.0777572    0.192048   0.0742389
    0.659966    0.278571    0.284936   0.0119013
    0.848528    0.375847    0.348164   0.0173251
     1.03709    0.416162    0.404518    0.025466
     1.22565    0.432293    0.437099   0.0257895
     1.41421     0.41874    0.402701    0.015359
     1.60278    0.436565    0.413479   0.0123359
     1.79134    0.481127    0.434067   0.0169302
      1.9799    0.427849    0.399491   0.0161465
     2.16846    0.420655    0.347802   0.0215478
     2.35702    0.340713    0.272727   0.0200058
     2.54558    0.164771    0.218295   0.0290744
     2.73415      0.1947    0.169405  0.00768903
     2.92271    0.136192    0.116992   0.0130326
     3.11127    0.072503    0.082815   0.0091594
     3.29983   0.0815874   0.0690718  0.00568188
     3.48839   0.0500376   0.0589992    0.015525
     3.67696   0.0515599   0.0549358   0.0156603
     3.86552   0.0522473   0.0639158   0.0113694
     4.05408    0.111934   0.0622831   0.0175326
     4.24264   0.0422054    0.038363  0.00634969
      4.4312   0.0115641   0.0315988   0.0107702
     4.61976   0.0179477   0.0264674  0.00908605
     4.80833   0.0237175   0.0330597   0.0145293
     4.99689   0.0450781   0.0821275   0.0234156
     5.18545    0.010582   0.0114966  0.00207039
     5.37401     0.02605   0.0118097  0.00591831
     5.56257   0.0361165   0.0109933  0.00741496
#blocco numero 5
   0.0942809  0.00115396  0.00792549  0.00247594
    0.282843   0.0326791   0.0638458   0.0136725
    0.471405    0.111517    0.175942   0.0611133
    0.659966     0.23445    0.274839    0.013123
    0.848528    0.262759    0.331083   0.0206279
     1.03709    0.444225    0.412459   0.0215756
     1.22565    0.571111    0.463901   0.0316285
     1.41421    0.471822    0.416525   0.0174316
     1.60278    0.441082       0.419   0.0110351
     1.79134    0.473639    0.441981   0.0152825
      1.9799    0.416898    0.402972   0.0132872
     2.16846    0.274888    0.333219   0.0216167
     2.35702    0.383213    0.294824   0.0254317
     2.54558    0.161996    0.207035   0.0253462
     2.73415    0.176678     0.17086  0.00628733
     2.92271    0.144564    0.122506   0.0115339
     3.11127    0.131576   0.0925672    0.011392
     3.29983   0.0925622   0.0737699  0.00619025
     3.48839   0.0550954   0.0582185   0.0124397
     3.67696    0.038498   0.0516483   0.0128687
     3.86552   0.0587046   0.0628736  0.00914316
     4.05408    0.104937   0.0708138   0.0159672
     4.24264    0.033072   0.0373048  0.00516717
      4.4312   0.0126935   0.0278178   0.0092561
     4.61976   0.0250188   0.0261777  0.00727345
     4.80833   0.0189544   0.0302386   0.0118942
     4.99689   0.0306167   0.0718254   0.0208762
     5.18545 0.000687465  0.00933479  0.00254601
     5.37401   0.0527384   0.0199954  0.00871906
     5.56257   0.0412233   0.0170393  0.00802693
#blocco numero 6
   0.0942809  0.00282352  0.00707516  0.00220447
    0.282843   0.0432612   0.0604151   0.0118164
    0.471405    0.125929    0.167606   0.0514931
    0.659966    0.205208    0.263234   0.0152257
    0.848528    0.243559    0.316496   0.0217444
     1.03709    0.465242    0.421256   0.0196916
     1.22565    0.447761    0.461211   0.0264713
     1.41421    0.479409    0.427006    0.017394
     1.60278    0.551126    0.441021   0.0221058
     1.79134    0.481618    0.448587   0.0140911
      1.9799    0.463597    0.413076   0.0144112
     2.16846    0.318689    0.330797   0.0181491
     2.35702    0.319156    0.298879    0.021514
     2.54558    0.121387     0.19276   0.0248181
     2.73415    0.174174    0.171412  0.00526366
     2.92271    0.175254    0.131298   0.0125215
     3.11127    0.212549    0.112564   0.0205757
     3.29983    0.101843   0.0784488  0.00669729
     3.48839   0.0704161   0.0602514   0.0105312
     3.67696   0.0527875   0.0518381   0.0107253
     3.86552   0.0220725   0.0560734  0.00982797
     4.05408   0.0583609   0.0687383   0.0134402
     4.24264   0.0149524   0.0335794  0.00548698
      4.4312  0.00112941   0.0233697  0.00871691
     4.61976   0.0406832   0.0285953  0.00645049
     4.80833   0.0102138   0.0269012   0.0103695
     4.99689  0.00481225   0.0606565   0.0201644
     5.18545 0.000834779  0.00791812  0.00248475
     5.37401   0.0281124   0.0213482  0.00737009
     5.56257   0.0574033   0.0237666  0.00908066
#blocco numero 7
   0.0942809  0.00820047  0.00723592   0.0018954
    0.282843   0.0383753   0.0572665   0.0105395
    0.471405     0.10749    0.159018   0.0448474
    0.659966    0.207025    0.255204   0.0150195
    0.848528    0.404524    0.329071   0.0219756
     1.03709     0.47958    0.429588   0.0185577
     1.22565    0.452499    0.459967   0.0227189
     1.41421    0.506809    0.438406   0.0182671
     1.60278    0.500082    0.449458   0.0204948
     1.79134    0.449946    0.448781   0.0120794
      1.9799     0.38611    0.409224    0.012857
     2.16846    0.355223    0.334287   0.0158883
     2.35702    0.271377    0.294951   0.0187959
     2.54558    0.177906    0.190638   0.0213632
     2.73415    0.156472    0.169278  0.00492544
     2.92271    0.198579    0.140909   0.0139419
     3.11127     0.11051    0.112271   0.0176384
     3.29983    0.133098   0.0862558   0.0092302
     3.48839    0.039431   0.0572771  0.00943741
     3.67696   0.0742217   0.0550358  0.00965804
     3.86552   0.0658493     0.05747  0.00852262
     4.05408   0.0401185   0.0646498   0.0121261
     4.24264   0.0157626   0.0310341  0.00526044
      4.4312   0.0332929   0.0247873  0.00758603
     4.61976   0.0406095   0.0303116   0.0057528
     4.80833   0.0107048   0.0245874  0.00914263
     4.99689  7.3657e-05   0.0520018   0.0190507
     5.18545 0.000122762   0.0068045  0.00236621
     5.37401  0.00353553   0.0188036  0.00674222
     5.56257   0.0357727   0.0254818  0.00794375
#blocco numero 8
   0.0942809  0.00874063  0.00742401  0.00166778
    0.282843   0.0529348   0.0567251  0.00923593
    0.471405    0.114365    0.153437   0.0395873
    0.659966    0.221241    0.250958   0.0137289
    0.848528    0.339313    0.330351   0.0192659
     1.03709    0.470373    0.434687   0.0169238
     1.22565    0.513315    0.466635   0.0208348
     1.41421    0.538776    0.450952   0.0198295
     1.60278    0.438848    0.448132   0.0179758
     1.79134    0.453604    0.449384   0.0105845
      1.9799    0.377001    0.405196   0.0118641
     2.16846    0.337496    0.334688   0.0139073
     2.35702    0.301404    0.295757   0.0164637
     2.54558     0.19416    0.191078   0.0186973
     2.73415    0.213581    0.174816  0.00673858
     2.92271    0.154483    0.142606    0.012302
     3.11127    0.172848    0.119843   0.0169813
     3.29983    0.101818   0.0882011  0.00827888
     3.48839   0.0416162   0.0553194  0.00845833
     3.67696    0.042721   0.0534964  0.00857258
     3.86552   0.0497676   0.0565072  0.00751148
     4.05408   0.0483681   0.0626146   0.0107798
     4.24264   0.0230055   0.0300306  0.00469764
      4.4312   0.0248715   0.0247978  0.00663778
     4.61976   0.0321635   0.0305431  0.00503836
     4.80833  0.00230792   0.0218025  0.00841327
     4.99689  0.00670278   0.0463394   0.0174907
     5.18545   0.0031918  0.00635291  0.00211309
     5.37401 0.000883883   0.0165636  0.00626049
     5.56257   0.0118588   0.0237789  0.00713097
#blocco numero 9
   0.0942809  0.00184142  0.00680372  0.00159365
    0.282843   0.0218025   0.0528448  0.00898794
    0.471405    0.136904      0.1516   0.0352313
    0.659966       0.266     0.25263   0.0123048
    0.848528    0.297009    0.326647   0.0174778
     1.03709    0.358513    0.426223   0.0170287
     1.22565     0.40639    0.459941   0.0195656
     1.41421    0.507619    0.457249    0.018599
     1.60278    0.562665    0.460858   0.0199817
     1.79134    0.474916    0.452221  0.00978123
      1.9799    0.292369     0.39266   0.0158402
     2.16846    0.251833    0.325482   0.0151048
     2.35702    0.369267    0.303925   0.0165368
     2.54558    0.403026    0.214628   0.0277343
     2.73415    0.222076    0.180067  0.00777103
     2.92271    0.181687    0.146948   0.0116764
     3.11127    0.229245    0.131999   0.0189523
     3.29983   0.0661931   0.0857558   0.0077117
     3.48839   0.0670033   0.0566176  0.00761749
     3.67696   0.0694585     0.05527  0.00780138
     3.86552   0.0475824   0.0555155  0.00674201
     4.05408   0.0147559   0.0572969   0.0108144
     4.24264  0.00545061   0.0272995  0.00490576
      4.4312    0.011515    0.023322  0.00606211
     4.61976   0.0084951   0.0280933  0.00503904
     4.80833  0.00201329   0.0196037  0.00776047
     4.99689   0.0139948   0.0427456   0.0159122
     5.18545    0.010803  0.00684737  0.00193529
     5.37401  0.00287262   0.0150424  0.00574672
     5.56257           0   0.0211368  0.00681054
#blocco numero 10
   0.0942809  0.00385471  0.00650882  0.00146132
    0.282843   0.0357236   0.0511327  0.00825061
    0.471405    0.137714    0.150211   0.0317355
    0.659966    0.210266    0.248393    0.011781
    0.848528    0.316258    0.325608   0.0157609
     1.03709     0.36362    0.419963   0.0164364
     1.22565    0.515599    0.465507   0.0183836
     1.41421    0.497234    0.461247   0.0171635
     1.60278    0.437129    0.458485   0.0181239
     1.79134     0.46971     0.45397   0.0089581
      1.9799    0.394089    0.392803   0.0142568
     2.16846    0.399417    0.332875   0.0152972
     2.35702    0.243706    0.297903   0.0159419
     2.54558      0.3263    0.225795    0.027116
     2.73415    0.251023    0.187162  0.00970711
     2.92271    0.236954    0.155949   0.0135404
     3.11127   0.0892477    0.127724   0.0175326
     3.29983    0.103611   0.0875413  0.00714424
     3.48839     0.09104   0.0600599  0.00759377
     3.67696    0.062633   0.0560063   0.0070559
     3.86552   0.0291682   0.0528808  0.00656247
     4.05408   0.0131846   0.0528857   0.0105945
     4.24264   0.0567895   0.0302485  0.00522693
      4.4312   0.0154434   0.0225341  0.00550685
     4.61976  0.00358464   0.0256424  0.00509642
     4.80833           0   0.0176433  0.00722779
     4.99689           0    0.038471   0.0148841
     5.18545           0  0.00616263  0.00185895
     5.37401           0   0.0135381  0.00536531
     5.56257           0   0.0190231  0.00644914
#blocco numero 11
   0.0942809  0.00142403  0.00604657  0.00139967
    0.282843    0.037074   0.0498546  0.00759889
    0.471405    0.100959    0.145734   0.0291646
    0.659966   0.0851965    0.233557   0.0177427
    0.848528    0.253846    0.319084     0.01562
     1.03709    0.418175      0.4198    0.014943
     1.22565    0.450044    0.464101    0.016766
     1.41421    0.500573    0.464822   0.0159712
     1.60278     0.56323    0.468007   0.0188122
     1.79134    0.522498      0.4602   0.0100798
      1.9799    0.469882     0.39981   0.0145815
     2.16846    0.383041    0.337436   0.0145705
     2.35702    0.318886    0.299811   0.0146063
     2.54558    0.336588    0.235867   0.0264555
     2.73415    0.242896    0.192229   0.0100604
     2.92271    0.222051    0.161958   0.0135776
     3.11127   0.0977673       0.125   0.0161489
     3.29983   0.0649654   0.0854889  0.00678315
     3.48839    0.111541     0.06474  0.00822007
     3.67696   0.0391855   0.0544771  0.00657807
     3.86552   0.0283825   0.0506537  0.00633253
     4.05408   0.0233002   0.0501961  0.00996689
     4.24264   0.0214342   0.0294472  0.00481279
      4.4312  0.00888794   0.0212936  0.00514407
     4.61976  0.00147314   0.0234452  0.00508474
     4.80833           0   0.0160394  0.00674634
     4.99689           0   0.0349737   0.0139358
     5.18545           0  0.00560239  0.00177237
     5.37401           0   0.0123074  0.00501673
     5.56257           0   0.0172938  0.00609032
#blocco numero 12
   0.0942809 0.000441942  0.00557951  0.00135873
    0.282843   0.0196419   0.0473369  0.00737096
    0.471405   0.0590729    0.138512   0.0276139
    0.659966    0.113702    0.223569   0.0188671
    0.848528    0.288981    0.316576   0.0145184
     1.03709    0.409115     0.41891   0.0137242
     1.22565    0.417267    0.460198   0.0158166
     1.41421    0.489033     0.46684   0.0147671
     1.60278    0.550046    0.474844   0.0184449
     1.79134    0.392125    0.454527   0.0107179
      1.9799    0.441647    0.403296   0.0137768
     2.16846    0.455544    0.347278   0.0163459
     2.35702    0.493772    0.315974   0.0204635
     2.54558    0.330548    0.243757   0.0254002
     2.73415    0.184412    0.191578  0.00924312
     2.92271    0.195338     0.16474   0.0127279
     3.11127    0.161211    0.128018   0.0150824
     3.29983    0.131993   0.0893643  0.00724079
     3.48839   0.0558074   0.0639956  0.00756869
     3.67696    0.034005   0.0527711  0.00624721
     3.86552   0.0373195   0.0495425   0.0059015
     4.05408   0.0206239   0.0477318  0.00943606
     4.24264  0.00908436   0.0277503  0.00470136
      4.4312   0.0115396   0.0204807  0.00477918
     4.61976   0.0010312   0.0215774   0.0049923
     4.80833           0   0.0147027  0.00631516
     4.99689           0   0.0320592   0.0130757
     5.18545           0  0.00513553  0.00168504
     5.37401           0   0.0112818  0.00470234
     5.56257           0   0.0158526  0.00575077
#blocco numero 13
   0.0942809  0.00603987  0.00561493  0.00125467
    0.282843    0.046011   0.0472349  0.00680467
    0.471405     0.14012    0.138636     0.02549
    0.659966    0.147388    0.217709   0.0183033
    0.848528    0.225513    0.309571   0.0149965
     1.03709    0.384833    0.416288   0.0129164
     1.22565    0.457459    0.459988   0.0146014
     1.41421    0.516532    0.470662   0.0141173
     1.60278    0.506686    0.477293    0.017188
     1.79134    0.486971    0.457023   0.0101799
      1.9799    0.443366    0.406379   0.0130573
     2.16846    0.360281    0.348278   0.0151191
     2.35702    0.390873    0.321735   0.0196837
     2.54558    0.401946    0.255926   0.0261994
     2.73415    0.289054    0.199076   0.0111667
     2.92271    0.141741    0.162971   0.0118712
     3.11127    0.144613    0.129294   0.0139761
     3.29983   0.0849265   0.0890229  0.00669185
     3.48839   0.0197401   0.0605913  0.00771418
     3.67696   0.0109994   0.0495579  0.00654101
     3.86552  0.00942809   0.0464568  0.00620201
     4.05408   0.0270321   0.0461395  0.00884353
     4.24264  0.00989458   0.0263767  0.00453592
      4.4312   0.0248469   0.0208166  0.00442334
     4.61976   0.0215324   0.0215739  0.00460828
     4.80833  0.00483681   0.0139438   0.0058748
     4.99689  0.00063836   0.0296422   0.0122912
     5.18545           0  0.00474049  0.00160106
     5.37401           0    0.010414  0.00441998
     5.56257           0   0.0146332  0.00543616
#blocco numero 14
   0.0942809   0.0079304  0.00578032   0.0011759
    0.282843   0.0123744   0.0447448  0.00675887
    0.471405    0.096687    0.135639   0.0238447
    0.659966    0.104691    0.209636   0.0186916
    0.848528     0.29313    0.308396   0.0139712
     1.03709    0.390627    0.414455   0.0121232
     1.22565    0.480071    0.461422   0.0136287
     1.41421    0.475235    0.470989   0.0131127
     1.60278    0.584026    0.484917   0.0175699
     1.79134    0.504108    0.460386  0.00999291
      1.9799    0.399859    0.405913    0.012133
     2.16846    0.491636    0.358518   0.0171599
     2.35702    0.416972    0.328538   0.0194177
     2.54558    0.246702    0.255267   0.0243363
     2.73415    0.258757    0.203339   0.0111531
     2.92271    0.129145    0.160555   0.0112664
     3.11127    0.201992    0.134487   0.0139091
     3.29983   0.0944037   0.0894073  0.00622489
     3.48839   0.0188316   0.0576085  0.00771834
     3.67696  0.00260255    0.046204  0.00688015
     3.86552  0.00031918   0.0431612  0.00657655
     4.05408   0.0344469   0.0453043   0.0082512
     4.24264   0.0130127   0.0254222   0.0043112
      4.4312    0.043875   0.0224636  0.00440336
     4.61976  0.00186598   0.0201662  0.00448898
     4.80833           0   0.0129478  0.00553896
     4.99689           0   0.0275249   0.0115942
     5.18545           0  0.00440188  0.00152208
     5.37401           0  0.00967011  0.00416639
     5.56257           0    0.013588  0.00514736
#blocco numero 15
   0.0942809 0.000810227  0.00544898  0.00114324
    0.282843   0.0159099   0.0428225  0.00657597
    0.471405   0.0693112    0.131217   0.0226614
    0.659966    0.111296     0.20308   0.0185597
    0.848528    0.340516    0.310538   0.0132029
     1.03709    0.542876    0.423017   0.0140157
     1.22565     0.51609    0.465067   0.0131984
     1.41421    0.424853    0.467913    0.012594
     1.60278    0.515353    0.486946   0.0165153
     1.79134    0.391953    0.455824   0.0103157
      1.9799     0.50865    0.412762   0.0131156
     2.16846    0.544841     0.37094   0.0200129
     2.35702    0.329075    0.328574   0.0181232
     2.54558    0.191925    0.251044   0.0230773
     2.73415     0.24653    0.206218   0.0107749
     2.92271    0.242209    0.165998   0.0117571
     3.11127    0.089174    0.131466   0.0133058
     3.29983    0.051388   0.0868727  0.00630483
     3.48839    0.014093   0.0547075  0.00772978
     3.67696     0.03565   0.0455004  0.00645735
     3.86552   0.0402658   0.0429682  0.00614095
     4.05408   0.0373441   0.0447736  0.00771816
     4.24264   0.0298065   0.0257145  0.00403368
      4.4312  0.00498412   0.0212983   0.0042612
     4.61976  0.00196419   0.0189528  0.00435064
     4.80833  0.00520509   0.0124317  0.00519369
     4.99689  0.00122762   0.0257718    0.010953
     5.18545           0  0.00410842  0.00144862
     5.37401           0  0.00902543  0.00393819
     5.56257           0   0.0126821  0.00488326
#blocco numero 16
   0.0942809  0.00110485  0.00517747  0.00110355
    0.282843    0.028628   0.0419354  0.00622453
    0.471405     0.12534     0.13085    0.021248
    0.659966    0.128139    0.198397    0.017981
    0.848528    0.245302    0.306461    0.012992
     1.03709    0.478034    0.426455   0.0135549
     1.22565    0.436737    0.463296   0.0124917
     1.41421    0.675287    0.480874   0.0172304
     1.60278    0.480513    0.486544    0.015488
     1.79134    0.385545    0.451431   0.0105648
      1.9799    0.572511    0.422746   0.0156411
     2.16846    0.385349     0.37184   0.0187823
     2.35702    0.244517     0.32332   0.0177356
     2.54558    0.225881    0.249472   0.0216885
     2.73415    0.175058    0.204271   0.0102759
     2.92271    0.291804    0.173861   0.0133959
     3.11127    0.132951    0.131559   0.0124745
     3.29983   0.0928323   0.0872451  0.00592177
     3.48839    0.105624   0.0578898  0.00787453
     3.67696   0.0295119   0.0445011   0.0061306
     3.86552   0.0221953   0.0416699  0.00589278
     4.05408  0.00785674   0.0424663  0.00757281
     4.24264   0.0279896   0.0258567  0.00378408
      4.4312  0.00343732    0.020182  0.00413852
     4.61976  0.00115396   0.0178403  0.00421855
     4.80833           0   0.0116547  0.00492686
     4.99689           0    0.024161   0.0103862
     5.18545           0  0.00385165  0.00138065
     5.37401           0  0.00846134  0.00373223
     5.56257           0   0.0118895  0.00464194
#blocco numero 17
   0.0942809 0.000122762  0.00488013  0.00107795
    0.282843    0.022269   0.0407785  0.00596491
    0.471405   0.0853684    0.128175   0.0201659
    0.659966    0.123916    0.194015   0.0174489
    0.848528    0.255197    0.303445   0.0125729
     1.03709    0.516826    0.431771   0.0137606
     1.22565    0.502856    0.465623   0.0119717
     1.41421    0.580245    0.486719   0.0171798
     1.60278    0.408158    0.481933   0.0152478
     1.79134     0.38115    0.447297   0.0107218
      1.9799    0.465193    0.425243    0.014919
     2.16846    0.298212    0.367509     0.01817
     2.35702    0.325343    0.323439   0.0166927
     2.54558    0.280044     0.25127   0.0204871
     2.73415    0.231995    0.205902  0.00980002
     2.92271    0.234475    0.177427   0.0130738
     3.11127    0.205503    0.135909    0.012476
     3.29983    0.200249   0.0938924   0.0085235
     3.48839   0.0951893   0.0600839  0.00771093
     3.67696   0.0766278   0.0463909  0.00605425
     3.86552   0.0112204   0.0398787  0.00581199
     4.05408   0.0031427   0.0401532  0.00747228
     4.24264           0   0.0243357  0.00385506
      4.4312           0   0.0189948  0.00406178
     4.61976           0   0.0167909  0.00409885
     4.80833           0   0.0109691   0.0046845
     4.99689           0   0.0227398  0.00987201
     5.18545           0  0.00362508   0.0013179
     5.37401           0  0.00796362  0.00354572
     5.56257           0   0.0111901  0.00442126
#blocco numero 18
   0.0942809  0.00390382  0.00482589  0.00101943
    0.282843   0.0439978   0.0409574  0.00563621
    0.471405     0.12534    0.128017   0.0190462
    0.659966    0.162659    0.192273   0.0165662
    0.848528    0.224506     0.29906   0.0126161
     1.03709    0.431114    0.431735   0.0129961
     1.22565    0.489131    0.466929   0.0113776
     1.41421    0.498584    0.487379    0.016238
     1.60278     0.43929    0.479564   0.0145836
     1.79134    0.406488     0.44503    0.010363
      1.9799    0.398091    0.423735   0.0141662
     2.16846    0.416727    0.370244   0.0173651
     2.35702    0.516433    0.334161   0.0188976
     2.54558    0.315203    0.254822   0.0196544
     2.73415    0.196566    0.205383  0.00926929
     2.92271    0.281762    0.183223   0.0135718
     3.11127    0.128188     0.13548   0.0117903
     3.29983   0.0659721   0.0923413   0.0081899
     3.48839     0.07157    0.060722  0.00730891
     3.67696   0.0487118   0.0465198  0.00571927
     3.86552   0.0336367    0.039532  0.00549944
     4.05408  0.00542606   0.0382239  0.00730197
     4.24264           0   0.0229837  0.00387071
      4.4312           0   0.0179396  0.00397085
     4.61976           0   0.0158581  0.00397587
     4.80833           0   0.0103597  0.00446371
     4.99689           0   0.0214765  0.00940405
     5.18545           0  0.00342368  0.00125997
     5.37401           0  0.00752119  0.00337623
     5.56257           0   0.0105684  0.00421911
#blocco numero 19
   0.0942809  0.00299538  0.00472955 0.000970316
    0.282843   0.0432121    0.041076  0.00534082
    0.471405    0.104053    0.126756   0.0180854
    0.659966    0.200617    0.192712   0.0157001
    0.848528    0.284463    0.298291   0.0119754
     1.03709    0.432244    0.431762   0.0123121
     1.22565    0.507816    0.469081   0.0109804
     1.41421     0.56598    0.491515   0.0159016
     1.60278     0.35979     0.47326   0.0151172
     1.79134    0.452671    0.445432  0.00982541
      1.9799     0.38719    0.421811   0.0135506
     2.16846    0.292443    0.366149    0.016927
     2.35702    0.401971     0.33773   0.0182369
     2.54558     0.29615    0.256997     0.01874
     2.73415    0.266957    0.208624  0.00933078
     2.92271    0.325785    0.190726   0.0147868
     3.11127    0.187973    0.138242   0.0114889
     3.29983   0.0826677   0.0918321  0.00777466
     3.48839   0.0535486   0.0603444  0.00693397
     3.67696   0.0196173   0.0451039  0.00559078
     3.86552   0.0268848   0.0388663  0.00525012
     4.05408  0.00827413   0.0366476  0.00708576
     4.24264           0    0.021774  0.00385138
      4.4312           0   0.0169954  0.00387248
     4.61976           0   0.0150234  0.00385322
     4.80833           0  0.00981447  0.00426195
     4.99689           0   0.0203461  0.00897678
     5.18545           0  0.00324349  0.00120648
     5.37401           0  0.00712534  0.00322165
     5.56257           0   0.0100122  0.00403355
#blocco numero 20
   0.0942809   0.0131846   0.0051523   0.0010097
    0.282843   0.0484663   0.0414455  0.00508654
    0.471405    0.107736    0.125805   0.0172062
    0.659966    0.140857     0.19012   0.0151277
    0.848528    0.242307    0.295492   0.0116992
     1.03709    0.359053    0.428126   0.0122215
     1.22565    0.371722    0.464213   0.0114598
     1.41421    0.535781    0.493729   0.0152598
     1.60278     0.63949    0.481572   0.0164887
     1.79134    0.569221    0.451621    0.011114
      1.9799    0.437129    0.422577   0.0128947
     2.16846    0.401774     0.36793   0.0161741
     2.35702    0.282499    0.334969   0.0175329
     2.54558    0.204791    0.254387   0.0179839
     2.73415    0.248568    0.210621  0.00907546
     2.92271    0.220603     0.19222   0.0141227
     3.11127    0.198432    0.141252   0.0113017
     3.29983   0.0987494    0.092178  0.00739362
     3.48839   0.0782973   0.0612421  0.00664512
     3.67696    0.050676   0.0453825  0.00531818
     3.86552   0.0486627   0.0393561  0.00501041
     4.05408   0.0053033   0.0350804  0.00690261
     4.24264           0   0.0206853  0.00380958
      4.4312           0   0.0161456  0.00377094
     4.61976           0   0.0142723  0.00373306
     4.80833           0  0.00932374  0.00407701
     4.99689           0   0.0193288  0.00858539
     5.18545           0  0.00308132    0.001157
     5.37401           0  0.00676907  0.00308021
     5.56257           0  0.00951157  0.00386282
