# DISTANCE:     AVE_GOFR:        ERROR:
#blocco numero 1
   0.0128248           0           0           0
   0.0384745           0           0           0
   0.0641241           0           0           0
   0.0897737           0           0           0
    0.115423           0           0           0
    0.141073           0           0           0
    0.166723           0           0           0
    0.192372           0           0           0
    0.218022           0           0           0
    0.243672           0           0           0
    0.269321           0           0           0
    0.294971           0           0           0
     0.32062           0           0           0
     0.34627           0           0           0
     0.37192           0           0           0
    0.397569           0           0           0
    0.423219           0           0           0
    0.448869           0           0           0
    0.474518           0           0           0
    0.500168           0           0           0
    0.525818           0           0           0
    0.551467           0           0           0
    0.577117           0           0           0
    0.602767           0           0           0
    0.628416           0           0           0
    0.654066           0           0           0
    0.679715           0           0           0
    0.705365           0           0           0
    0.731015           0           0           0
    0.756664           0           0           0
    0.782314           0           0           0
    0.807964           0           0           0
    0.833613           0           0           0
    0.859263           0           0           0
    0.884913 0.000712832 0.000712832           0
    0.910562   0.0240035   0.0240035           0
    0.936212    0.162613    0.162613           0
    0.961861    0.554234    0.554234           0
    0.987511     1.17787     1.17787           0
     1.01316      1.8122      1.8122           0
     1.03881     2.25198     2.25198           0
     1.06446     2.48618     2.48618           0
     1.09011     2.50997     2.50997           0
     1.11576     2.36786     2.36786           0
     1.14141     2.16003     2.16003           0
     1.16706     1.93558     1.93558           0
     1.19271     1.71931     1.71931           0
     1.21836     1.53363     1.53363           0
     1.24401     1.36536     1.36536           0
     1.26966     1.21761     1.21761           0
     1.29531      1.1048      1.1048           0
     1.32096    0.997384    0.997384           0
     1.34661    0.915706    0.915706           0
     1.37226    0.850681    0.850681           0
     1.39791    0.797548    0.797548           0
     1.42355     0.76053     0.76053           0
      1.4492    0.726554    0.726554           0
     1.47485    0.692567    0.692567           0
      1.5005    0.685109    0.685109           0
     1.52615    0.670999    0.670999           0
      1.5518    0.669274    0.669274           0
     1.57745    0.672962    0.672962           0
      1.6031    0.672478    0.672478           0
     1.62875    0.683647    0.683647           0
      1.6544    0.705688    0.705688           0
     1.68005    0.710602    0.710602           0
      1.7057    0.747715    0.747715           0
     1.73135    0.758474    0.758474           0
       1.757    0.793899    0.793899           0
     1.78265    0.823864    0.823864           0
      1.8083      0.8761      0.8761           0
     1.83395    0.920873    0.920873           0
      1.8596    0.956347    0.956347           0
     1.88525    0.989749    0.989749           0
      1.9109     1.03121     1.03121           0
     1.93655     1.07936     1.07936           0
      1.9622     1.10543     1.10543           0
     1.98785     1.13047     1.13047           0
      2.0135     1.16801     1.16801           0
     2.03915     1.18971     1.18971           0
      2.0648     1.20213     1.20213           0
     2.09045     1.19433     1.19433           0
      2.1161     1.18832     1.18832           0
     2.14174      1.1882      1.1882           0
     2.16739     1.17171     1.17171           0
     2.19304     1.14675     1.14675           0
     2.21869     1.12505     1.12505           0
     2.24434     1.08588     1.08588           0
     2.26999       1.062       1.062           0
     2.29564     1.03631     1.03631           0
     2.32129     1.00397     1.00397           0
     2.34694    0.987884    0.987884           0
     2.37259     0.95747     0.95747           0
     2.39824    0.939406    0.939406           0
     2.42389    0.921971    0.921971           0
     2.44954    0.911889    0.911889           0
     2.47519    0.903289    0.903289           0
     2.50084    0.884068    0.884068           0
     2.52649    0.876166    0.876166           0
     2.55214    0.876453    0.876453           0
#blocco numero 2
   0.0128248           0           0           0
   0.0384745           0           0           0
   0.0641241           0           0           0
   0.0897737           0           0           0
    0.115423           0           0           0
    0.141073           0           0           0
    0.166723           0           0           0
    0.192372           0           0           0
    0.218022           0           0           0
    0.243672           0           0           0
    0.269321           0           0           0
    0.294971           0           0           0
     0.32062           0           0           0
     0.34627           0           0           0
     0.37192           0           0           0
    0.397569           0           0           0
    0.423219           0           0           0
    0.448869           0           0           0
    0.474518           0           0           0
    0.500168           0           0           0
    0.525818           0           0           0
    0.551467           0           0           0
    0.577117           0           0           0
    0.602767           0           0           0
    0.628416           0           0           0
    0.654066           0           0           0
    0.679715           0           0           0
    0.705365           0           0           0
    0.731015           0           0           0
    0.756664           0           0           0
    0.782314           0           0           0
    0.807964           0           0           0
    0.833613           0           0           0
    0.859263           0           0           0
    0.884913  0.00173753  0.00122518 0.000362285
    0.910562   0.0213505    0.022677 0.000937984
    0.936212    0.164288    0.163451  0.00059198
    0.961861    0.562057    0.558145  0.00276609
    0.987511     1.17288     1.17538  0.00176339
     1.01316     1.83778     1.82499  0.00904495
     1.03881     2.29377     2.27287   0.0147733
     1.06446     2.49812     2.49215  0.00422237
     1.09011     2.49589     2.50293  0.00497794
     1.11576     2.34074      2.3543  0.00958823
     1.14141     2.14575     2.15289  0.00505034
     1.16706     1.90658     1.92108   0.0102499
     1.19271     1.71462     1.71697   0.0016597
     1.21836     1.52946     1.53155  0.00147402
     1.24401     1.35547     1.36041  0.00349599
     1.26966     1.22451     1.22106  0.00243905
     1.29531     1.10044     1.10262  0.00154311
     1.32096     1.00602      1.0017   0.0030543
     1.34661    0.921613     0.91866  0.00208832
     1.37226    0.849913    0.850297 0.000271314
     1.39791     0.80085    0.799199  0.00116735
     1.42355    0.755466    0.757998  0.00179058
      1.4492    0.722741    0.724647  0.00134819
     1.47485    0.687764    0.690165   0.0016979
      1.5005    0.679684    0.682397    0.001918
     1.52615    0.671726    0.671363 0.000257286
      1.5518    0.657452    0.663363  0.00417978
     1.57745    0.657855    0.665409  0.00534117
      1.6031    0.667073    0.669776  0.00191069
     1.62875    0.680063    0.681855  0.00126728
      1.6544    0.693881    0.699784  0.00417444
     1.68005    0.717018     0.71381   0.0022681
      1.7057    0.754074    0.750894  0.00224818
     1.73135    0.783332    0.770903  0.00878861
       1.757    0.810591    0.802245  0.00590124
     1.78265     0.83899    0.831427  0.00534791
      1.8083    0.887144    0.881622  0.00390449
     1.83395    0.930044    0.925458  0.00324216
      1.8596    0.959962    0.958154  0.00127823
     1.88525     1.01246     1.00111  0.00803086
      1.9109     1.04652     1.03887  0.00541334
     1.93655     1.06935     1.07436  0.00354128
      1.9622     1.09898     1.10221  0.00227823
     1.98785     1.13091     1.13069 0.000155413
      2.0135       1.158     1.16301  0.00353715
     2.03915     1.17951     1.18461  0.00360606
      2.0648     1.19765     1.19989  0.00158526
     2.09045      1.1941     1.19422 8.03549e-05
      2.1161     1.19562     1.19197   0.0025798
     2.14174     1.18271     1.18545  0.00193897
     2.16739     1.16303     1.16737  0.00306877
     2.19304     1.14521     1.14598 0.000545296
     2.21869      1.1207     1.12287  0.00153986
     2.24434     1.08729     1.08659 0.000500857
     2.26999     1.05925     1.06062 0.000972022
     2.29564     1.03264     1.03447  0.00129598
     2.32129     1.01108     1.00752  0.00251433
     2.34694    0.977153    0.982519  0.00379368
     2.37259    0.952302    0.954886  0.00182726
     2.39824    0.934916    0.937161  0.00158768
     2.42389     0.92866    0.925316  0.00236478
     2.44954    0.906855    0.909372  0.00177975
     2.47519     0.90177    0.902529 0.000537331
     2.50084    0.885659    0.884864 0.000562587
     2.52649     0.87503    0.875598 0.000401646
     2.55214     0.87356    0.875007  0.00102273
#blocco numero 3
   0.0128248           0           0           0
   0.0384745           0           0           0
   0.0641241           0           0           0
   0.0897737           0           0           0
    0.115423           0           0           0
    0.141073           0           0           0
    0.166723           0           0           0
    0.192372           0           0           0
    0.218022           0           0           0
    0.243672           0           0           0
    0.269321           0           0           0
    0.294971           0           0           0
     0.32062           0           0           0
     0.34627           0           0           0
     0.37192           0           0           0
    0.397569           0           0           0
    0.423219           0           0           0
    0.448869           0           0           0
    0.474518           0           0           0
    0.500168           0           0           0
    0.525818           0           0           0
    0.551467           0           0           0
    0.577117           0           0           0
    0.602767           0           0           0
    0.628416           0           0           0
    0.654066           0           0           0
    0.679715           0           0           0
    0.705365           0           0           0
    0.731015           0           0           0
    0.756664           0           0           0
    0.782314           0           0           0
    0.807964           0           0           0
    0.833613           0           0           0
    0.859263           0           0           0
    0.884913  0.00196029  0.00147022 0.000313627
    0.910562   0.0245509   0.0233016 0.000806942
    0.936212    0.164368    0.163756 0.000466935
    0.961861    0.538322    0.551537  0.00570178
    0.987511     1.16617     1.17231   0.0027671
     1.01316     1.80602     1.81867  0.00793752
     1.03881     2.27929     2.27501   0.0100023
     1.06446     2.48485     2.48971  0.00344572
     1.09011     2.46543     2.49043   0.0107326
     1.11576     2.36186     2.35682  0.00671475
     1.14141     2.15378     2.15319  0.00337558
     1.16706      1.9364     1.92619  0.00800509
     1.19271     1.72396      1.7193  0.00220129
     1.21836     1.51925     1.52745  0.00348738
     1.24401     1.35963     1.36015  0.00234041
     1.26966     1.22844     1.22352  0.00258403
     1.29531     1.10308     1.10277  0.00103638
     1.32096     1.00237     1.00193  0.00204425
     1.34661    0.928608    0.921976  0.00304449
     1.37226    0.866553    0.855716   0.0044279
     1.39791     0.81606    0.804819  0.00465441
     1.42355     0.76368    0.759892  0.00195365
      1.4492    0.731879    0.727058  0.00216375
     1.47485     0.69612     0.69215  0.00197674
      1.5005    0.668819    0.677871  0.00391043
     1.52615    0.664783    0.669169  0.00179898
      1.5518    0.670066    0.665598  0.00333062
     1.57745    0.671784    0.667534  0.00396102
      1.6031    0.670401    0.669984  0.00128512
     1.62875    0.683634    0.682448 0.000973741
      1.6544    0.692279    0.697282  0.00345218
     1.68005    0.719373    0.715664  0.00213982
      1.7057    0.740347    0.747378  0.00323835
     1.73135    0.776404    0.772737   0.0060473
       1.757    0.797155    0.800548  0.00417093
     1.78265    0.840382    0.834412  0.00431878
      1.8083    0.871715     0.87832  0.00374772
     1.83395    0.919852     0.92359  0.00264576
      1.8596    0.953756    0.956688  0.00146953
     1.88525    0.993436     0.99855  0.00574643
      1.9109     1.02652     1.03475  0.00493029
     1.93655     1.07235     1.07369  0.00242299
      1.9622     1.11886     1.10776     0.00478
     1.98785     1.14683     1.13607  0.00439484
      2.0135     1.16627     1.16409  0.00251969
     2.03915     1.19088      1.1867  0.00294917
      2.0648     1.19028     1.19669  0.00282154
     2.09045     1.20517     1.19787  0.00298288
      2.1161     1.19779     1.19391  0.00233801
     2.14174     1.18245     1.18445  0.00152966
     2.16739     1.15837     1.16437  0.00319007
     2.19304     1.13684     1.14293  0.00251192
     2.21869     1.11859     1.12145  0.00155333
     2.24434     1.08275     1.08531  0.00109654
     2.26999      1.0593     1.06018 0.000740875
     2.29564     1.02976      1.0329  0.00154588
     2.32129     1.01351     1.00952  0.00233786
     2.34694     0.97756    0.980866  0.00286669
     2.37259    0.969807     0.95986  0.00423979
     2.39824    0.935824    0.936715  0.00111928
     2.42389    0.922915    0.924515  0.00170658
     2.44954    0.912961    0.910569  0.00153684
     2.47519    0.905082     0.90338 0.000781583
     2.50084    0.892695    0.887474  0.00216412
     2.52649    0.873855    0.875017 0.000544742
     2.55214    0.873964    0.874659 0.000738495
#blocco numero 4
   0.0128248           0           0           0
   0.0384745           0           0           0
   0.0641241           0           0           0
   0.0897737           0           0           0
    0.115423           0           0           0
    0.141073           0           0           0
    0.166723           0           0           0
    0.192372           0           0           0
    0.218022           0           0           0
    0.243672           0           0           0
    0.269321           0           0           0
    0.294971           0           0           0
     0.32062           0           0           0
     0.34627           0           0           0
     0.37192           0           0           0
    0.397569           0           0           0
    0.423219           0           0           0
    0.448869           0           0           0
    0.474518           0           0           0
    0.500168           0           0           0
    0.525818           0           0           0
    0.551467           0           0           0
    0.577117           0           0           0
    0.602767           0           0           0
    0.628416           0           0           0
    0.654066           0           0           0
    0.679715           0           0           0
    0.705365           0           0           0
    0.731015           0           0           0
    0.756664           0           0           0
    0.782314           0           0           0
    0.807964           0           0           0
    0.833613           0           0           0
    0.859263           0           0           0
    0.884913 0.000935592  0.00133656 0.000262157
    0.910562   0.0236245   0.0233824  0.00060923
    0.936212    0.148421    0.159922  0.00333857
    0.961861    0.522863    0.544369  0.00753844
    0.987511     1.15021     1.16678  0.00521616
     1.01316     1.80752     1.81588   0.0064234
     1.03881     2.27831     2.27584  0.00753567
     1.06446     2.48946     2.48965  0.00258489
     1.09011     2.49483     2.49153   0.0081056
     1.11576     2.34407     2.35364  0.00574317
     1.14141     2.17631     2.15897  0.00561035
     1.16706     1.93888     1.92936  0.00660261
     1.19271     1.71635     1.71856  0.00177008
     1.21836     1.55168     1.53351  0.00586244
     1.24401     1.36413     1.36115  0.00195522
     1.26966     1.23272     1.22582  0.00277883
     1.29531     1.12547     1.10845  0.00497518
     1.32096     1.00802     1.00345  0.00202297
     1.34661    0.925441    0.922842  0.00240344
     1.37226    0.853788    0.855234  0.00334706
     1.39791    0.809835    0.806073  0.00365582
     1.42355    0.762584    0.760565  0.00157689
      1.4492    0.726739    0.726978  0.00162428
     1.47485    0.699689    0.694035  0.00220502
      1.5005    0.678681    0.678073  0.00293806
     1.52615    0.662888    0.667599  0.00191574
      1.5518    0.670096    0.666722  0.00268109
     1.57745    0.660482    0.665771  0.00334013
      1.6031    0.667899    0.669463  0.00106437
     1.62875     0.66871    0.679013   0.0030627
      1.6544    0.694359    0.696552  0.00266539
     1.68005    0.712444    0.714859  0.00174975
      1.7057    0.737757    0.744973   0.0031997
     1.73135    0.771376    0.772396  0.00454504
       1.757    0.799608    0.800313  0.00313481
     1.78265    0.831238    0.833618   0.0033112
      1.8083    0.874444    0.877351  0.00293339
     1.83395    0.907702    0.919618  0.00397103
      1.8596    0.954196    0.956065  0.00122714
     1.88525    0.983918    0.994892   0.0053488
      1.9109     1.01742     1.03042  0.00526784
     1.93655     1.06417     1.07131  0.00274762
      1.9622     1.10802     1.10782  0.00358546
     1.98785     1.14404     1.13807   0.0037207
      2.0135     1.17064     1.16573  0.00236233
     2.03915     1.18785     1.18699  0.00222581
      2.0648     1.21031     1.20009  0.00363013
     2.09045     1.21151     1.20128  0.00370429
      2.1161     1.21028       1.198  0.00395495
     2.14174     1.18904      1.1856  0.00151738
     2.16739     1.17641     1.16738  0.00353891
     2.19304     1.14944     1.14456  0.00235267
     2.21869     1.12126      1.1214  0.00116571
     2.24434     1.09317     1.08727  0.00189112
     2.26999     1.05224      1.0582  0.00180713
     2.29564     1.03203     1.03268  0.00117482
     2.32129     1.00626      1.0087  0.00188997
     2.34694    0.976908    0.979876  0.00231444
     2.37259    0.956568    0.959037  0.00325874
     2.39824    0.941704    0.937962  0.00136798
     2.42389    0.920731    0.923569  0.00151965
     2.44954    0.906962    0.909667  0.00139223
     2.47519    0.899316    0.902364  0.00105734
     2.50084    0.882852    0.886319   0.0019068
     2.52649    0.876963    0.875504 0.000586781
     2.55214    0.873615    0.874398 0.000598241
#blocco numero 5
   0.0128248           0           0           0
   0.0384745           0           0           0
   0.0641241           0           0           0
   0.0897737           0           0           0
    0.115423           0           0           0
    0.141073           0           0           0
    0.166723           0           0           0
    0.192372           0           0           0
    0.218022           0           0           0
    0.243672           0           0           0
    0.269321           0           0           0
    0.294971           0           0           0
     0.32062           0           0           0
     0.34627           0           0           0
     0.37192           0           0           0
    0.397569           0           0           0
    0.423219           0           0           0
    0.448869           0           0           0
    0.474518           0           0           0
    0.500168           0           0           0
    0.525818           0           0           0
    0.551467           0           0           0
    0.577117           0           0           0
    0.602767           0           0           0
    0.628416           0           0           0
    0.654066           0           0           0
    0.679715           0           0           0
    0.705365           0           0           0
    0.731015           0           0           0
    0.756664           0           0           0
    0.782314           0           0           0
    0.807964           0           0           0
    0.833613           0           0           0
    0.859263           0           0           0
    0.884913  0.00138111  0.00134547 0.000209877
    0.910562   0.0228665   0.0232792 0.000496043
    0.936212    0.159305    0.159799  0.00267314
    0.961861    0.547015    0.544898   0.0060493
    0.987511     1.19222     1.17187  0.00617449
     1.01316     1.81158     1.81502  0.00519591
     1.03881     2.27942     2.27655  0.00606245
     1.06446     2.48098     2.48791  0.00258498
     1.09011     2.51428     2.49608  0.00765579
     1.11576     2.36121     2.35515  0.00479026
     1.14141     2.15782     2.15874  0.00449296
     1.16706     1.90927     1.92534    0.006389
     1.19271     1.71951     1.71875  0.00142625
     1.21836       1.527      1.5322   0.0048323
     1.24401     1.36154     1.36123  0.00156575
     1.26966     1.22275     1.22521  0.00229025
     1.29531      1.0966     1.10608  0.00450948
     1.32096     1.01186     1.00513  0.00220923
     1.34661    0.923498    0.922973  0.00192633
     1.37226    0.853133    0.854813  0.00270389
     1.39791     0.78739    0.802336  0.00444109
     1.42355    0.745859    0.757624  0.00291756
      1.4492    0.720271    0.725637  0.00176859
     1.47485    0.688218    0.692872    0.002048
      1.5005    0.682789    0.679016  0.00249723
     1.52615    0.668846    0.667848  0.00154874
      1.5518     0.65336     0.66405  0.00321156
     1.57745    0.656094    0.663835  0.00318375
      1.6031    0.664186    0.668407  0.00127128
     1.62875     0.66847    0.676905    0.003092
      1.6544    0.689889    0.695219  0.00244279
     1.68005    0.708497    0.713587  0.00180405
      1.7057    0.738657     0.74371  0.00279804
     1.73135    0.772001    0.772317  0.00363672
       1.757    0.797797     0.79981  0.00254793
     1.78265    0.840159    0.834927  0.00289588
      1.8083     0.88461    0.878803  0.00268207
     1.83395    0.935118    0.922718   0.0042167
      1.8596    0.970204    0.958893  0.00271309
     1.88525      1.0196    0.999833   0.0061519
      1.9109      1.0624     1.03682  0.00710626
     1.93655     1.08619     1.07428  0.00345179
      1.9622     1.12364     1.11099   0.0040285
     1.98785     1.15727     1.14191  0.00454524
      2.0135     1.17277     1.16714  0.00227145
     2.03915      1.1922     1.18803  0.00200986
      2.0648     1.20063      1.2002  0.00290573
     2.09045     1.19914     1.20085  0.00298793
      2.1161     1.18642     1.19569  0.00378205
     2.14174     1.17658      1.1838  0.00201934
     2.16739     1.16389     1.16668  0.00289922
     2.19304     1.14514     1.14468  0.00188498
     2.21869     1.10834     1.11879  0.00251472
     2.24434     1.08579     1.08698  0.00153589
     2.26999     1.05192     1.05694  0.00183018
     2.29564     1.02045     1.03024  0.00238163
     2.32129    0.994839     1.00593  0.00290487
     2.34694    0.976109    0.979123  0.00197039
     2.37259    0.945638    0.956357  0.00354136
     2.39824    0.923779    0.935126  0.00276323
     2.42389    0.912531    0.921362  0.00231884
     2.44954    0.900282     0.90779  0.00201474
     2.47519    0.894803    0.900852  0.00159532
     2.50084    0.880568    0.885168  0.00183994
     2.52649    0.872653    0.874934 0.000693181
     2.55214    0.872398    0.873998 0.000597574
#blocco numero 6
   0.0128248           0           0           0
   0.0384745           0           0           0
   0.0641241           0           0           0
   0.0897737           0           0           0
    0.115423           0           0           0
    0.141073           0           0           0
    0.166723           0           0           0
    0.192372           0           0           0
    0.218022           0           0           0
    0.243672           0           0           0
    0.269321           0           0           0
    0.294971           0           0           0
     0.32062           0           0           0
     0.34627           0           0           0
     0.37192           0           0           0
    0.397569           0           0           0
    0.423219           0           0           0
    0.448869           0           0           0
    0.474518           0           0           0
    0.500168           0           0           0
    0.525818           0           0           0
    0.551467           0           0           0
    0.577117           0           0           0
    0.602767           0           0           0
    0.628416           0           0           0
    0.654066           0           0           0
    0.679715           0           0           0
    0.705365           0           0           0
    0.731015           0           0           0
    0.756664           0           0           0
    0.782314           0           0           0
    0.807964           0           0           0
    0.833613           0           0           0
    0.859263           0           0           0
    0.884913  0.00124746  0.00132913 0.000175532
    0.910562   0.0245088   0.0234841 0.000453735
    0.936212    0.156594    0.159265  0.00228037
    0.961861    0.532274    0.542794  0.00539456
    0.987511      1.1717     1.17184  0.00514548
     1.01316     1.78651     1.81027  0.00612888
     1.03881     2.27162     2.27573  0.00510739
     1.06446     2.51139     2.49183  0.00417119
     1.09011     2.49096     2.49523  0.00642717
     1.11576     2.34985     2.35427  0.00407251
     1.14141     2.15928     2.15883  0.00374503
     1.16706     1.93645     1.92719  0.00558613
     1.19271     1.73097     1.72079   0.0022073
     1.21836     1.53076     1.53196  0.00403287
     1.24401     1.35197     1.35968  0.00191983
     1.26966     1.21644     1.22375  0.00232887
     1.29531     1.10665     1.10617   0.0037589
     1.32096     1.00566     1.00522  0.00184278
     1.34661     0.91386    0.921454  0.00212111
     1.37226     0.86163    0.855949  0.00248047
     1.39791    0.813046    0.804121  0.00404375
     1.42355    0.761557    0.758279  0.00250386
      1.4492    0.733458     0.72694  0.00189426
     1.47485    0.702204    0.694427  0.00222007
      1.5005    0.684827    0.679985  0.00226102
     1.52615    0.670104    0.668224  0.00133547
      1.5518    0.659975    0.663371  0.00274716
     1.57745    0.662896    0.663679  0.00265698
      1.6031    0.660432    0.667078  0.00161085
     1.62875    0.676598    0.676854  0.00257709
      1.6544    0.696645    0.695457  0.00204719
     1.68005    0.718396    0.714388  0.00167196
      1.7057    0.744858    0.743901  0.00233823
     1.73135    0.773665    0.772542  0.00303753
       1.757    0.802279    0.800222  0.00215625
     1.78265    0.843835    0.836411  0.00276782
      1.8083    0.885791    0.879967  0.00247503
     1.83395    0.920463    0.922342  0.00353063
      1.8596    0.966148    0.960102  0.00251599
     1.88525     1.00115     1.00005   0.0051305
      1.9109     1.04361     1.03795  0.00601142
     1.93655     1.06418      1.0726  0.00326159
      1.9622     1.10503     1.10999  0.00347716
     1.98785     1.12844     1.13966  0.00430664
      2.0135     1.15933     1.16584  0.00223461
     2.03915      1.1817     1.18697  0.00193199
      2.0648     1.18436     1.19756  0.00341604
     2.09045     1.18747     1.19862  0.00321621
      2.1161     1.18689     1.19422  0.00342377
     2.14174     1.18374     1.18379   0.0016828
     2.16739     1.16315     1.16609  0.00247487
     2.19304     1.14705     1.14507  0.00161184
     2.21869      1.1072     1.11686  0.00273887
     2.24434     1.08503     1.08665  0.00131368
     2.26999     1.06164     1.05773  0.00168425
     2.29564     1.02914     1.03006  0.00199166
     2.32129     1.01086     1.00675  0.00253427
     2.34694    0.988419    0.980672  0.00216714
     2.37259    0.964595     0.95773  0.00320625
     2.39824    0.948227    0.937309  0.00304559
     2.42389    0.928775    0.922597  0.00223744
     2.44954    0.915075    0.909004  0.00201185
     2.47519    0.909229    0.902248  0.00184173
     2.50084    0.894553    0.886733  0.00209518
     2.52649    0.882103    0.876128  0.00123428
     2.55214    0.881551    0.875257  0.00125237
#blocco numero 7
   0.0128248           0           0           0
   0.0384745           0           0           0
   0.0641241           0           0           0
   0.0897737           0           0           0
    0.115423           0           0           0
    0.141073           0           0           0
    0.166723           0           0           0
    0.192372           0           0           0
    0.218022           0           0           0
    0.243672           0           0           0
    0.269321           0           0           0
    0.294971           0           0           0
     0.32062           0           0           0
     0.34627           0           0           0
     0.37192           0           0           0
    0.397569           0           0           0
    0.423219           0           0           0
    0.448869           0           0           0
    0.474518           0           0           0
    0.500168           0           0           0
    0.525818           0           0           0
    0.551467           0           0           0
    0.577117           0           0           0
    0.602767           0           0           0
    0.628416           0           0           0
    0.654066           0           0           0
    0.679715           0           0           0
    0.705365           0           0           0
    0.731015           0           0           0
    0.756664           0           0           0
    0.782314           0           0           0
    0.807964           0           0           0
    0.833613           0           0           0
    0.859263           0           0           0
    0.884913  0.00169298  0.00138111 0.000157964
    0.910562   0.0214768   0.0231974 0.000470891
    0.936212    0.164527    0.160016  0.00207482
    0.961861    0.550983    0.543964  0.00474907
    0.987511     1.18498     1.17372  0.00474012
     1.01316     1.80602     1.80966  0.00528327
     1.03881     2.25776     2.27316  0.00498135
     1.06446     2.47869     2.48995  0.00397525
     1.09011     2.48081     2.49317  0.00582976
     1.11576     2.32944     2.35072   0.0047924
     1.14141     2.13351     2.15521  0.00463854
     1.16706      1.9307     1.92769  0.00481053
     1.19271     1.72262     1.72105   0.0019075
     1.21836     1.54569     1.53392   0.0039043
     1.24401     1.36745     1.36079  0.00193986
     1.26966      1.2132     1.22224  0.00243481
     1.29531     1.11756      1.1078  0.00355653
     1.32096     1.02223     1.00765  0.00274907
     1.34661    0.937137    0.923695  0.00275825
     1.37226     0.87228    0.858282  0.00303074
     1.39791    0.807706    0.804634  0.00349834
     1.42355    0.753517    0.757599  0.00223671
      1.4492     0.72222    0.726266  0.00173955
     1.47485    0.702204    0.695538  0.00216311
      1.5005    0.677819    0.679675  0.00195908
     1.52615    0.669452      0.6684  0.00115616
      1.5518    0.650162    0.661484  0.00293197
     1.57745    0.654263    0.662334  0.00259567
      1.6031    0.664089    0.666651  0.00143619
     1.62875    0.671641    0.676109  0.00231401
      1.6544    0.682952     0.69367   0.0024113
     1.68005    0.709863    0.713742  0.00155307
      1.7057    0.735824    0.742747  0.00227113
     1.73135    0.782117     0.77391  0.00289522
       1.757    0.794186    0.799359  0.00201324
     1.78265     0.84202    0.837213  0.00248567
      1.8083    0.884827    0.880662  0.00221668
     1.83395    0.920884    0.922134  0.00303239
      1.8596    0.970153    0.961538  0.00253334
     1.88525    0.999985     1.00004  0.00439758
      1.9109     1.03973      1.0382  0.00515803
     1.93655     1.07683      1.0732  0.00285112
      1.9622     1.11573     1.11081  0.00307543
     1.98785     1.14586     1.14055  0.00378127
      2.0135     1.17447     1.16707  0.00222989
     2.03915     1.19057     1.18749  0.00172288
      2.0648     1.19515     1.19722  0.00294531
     2.09045     1.19861     1.19862  0.00275675
      2.1161     1.18808     1.19334  0.00304485
     2.14174     1.18045     1.18331  0.00150854
     2.16739     1.15363     1.16431  0.00268658
     2.19304     1.13102     1.14306  0.00231551
     2.21869     1.10816     1.11561  0.00261443
     2.24434     1.08573     1.08652  0.00113261
     2.26999     1.05974     1.05801  0.00146796
     2.29564     1.03398     1.03062  0.00178436
     2.32129     1.00806     1.00694   0.0021791
     2.34694    0.977386    0.980203  0.00190773
     2.37259      0.9638    0.958597  0.00286306
     2.39824    0.942161    0.938002  0.00268822
     2.42389    0.925406    0.922998  0.00195346
     2.44954    0.916396     0.91006   0.0019823
     2.47519    0.902651    0.902306  0.00157953
     2.50084    0.887359    0.886822  0.00179777
     2.52649    0.880599    0.876767  0.00121198
     2.55214    0.879346    0.875841  0.00120199
#blocco numero 8
   0.0128248           0           0           0
   0.0384745           0           0           0
   0.0641241           0           0           0
   0.0897737           0           0           0
    0.115423           0           0           0
    0.141073           0           0           0
    0.166723           0           0           0
    0.192372           0           0           0
    0.218022           0           0           0
    0.243672           0           0           0
    0.269321           0           0           0
    0.294971           0           0           0
     0.32062           0           0           0
     0.34627           0           0           0
     0.37192           0           0           0
    0.397569           0           0           0
    0.423219           0           0           0
    0.448869           0           0           0
    0.474518           0           0           0
    0.500168           0           0           0
    0.525818           0           0           0
    0.551467           0           0           0
    0.577117           0           0           0
    0.602767           0           0           0
    0.628416           0           0           0
    0.654066           0           0           0
    0.679715           0           0           0
    0.705365           0           0           0
    0.731015           0           0           0
    0.756664           0           0           0
    0.782314           0           0           0
    0.807964           0           0           0
    0.833613           0           0           0
    0.859263           0           0           0
    0.884913 0.000935592  0.00132542  0.00014771
    0.910562   0.0252247   0.0234508 0.000475355
    0.936212    0.165125    0.160655  0.00191121
    0.961861    0.545049      0.5441  0.00415737
    0.987511     1.17098     1.17338  0.00415994
     1.01316     1.81182     1.80993  0.00462974
     1.03881     2.27036     2.27281  0.00437102
     1.06446     2.47801     2.48846  0.00374818
     1.09011     2.46776     2.48999  0.00590299
     1.11576     2.33437     2.34868  0.00460842
     1.14141     2.15305     2.15494  0.00406657
     1.16706     1.94045     1.92929  0.00446568
     1.19271     1.70091     1.71853  0.00288672
     1.21836     1.52529     1.53285  0.00356227
     1.24401     1.36625     1.36147  0.00181315
     1.26966     1.24191      1.2247  0.00313533
     1.29531     1.11391     1.10856   0.0031929
     1.32096     1.01898     1.00907  0.00274623
     1.34661    0.935525    0.925173  0.00278176
     1.37226    0.869734    0.859714  0.00297079
     1.39791    0.807832    0.805033  0.00308382
     1.42355    0.752925    0.757015    0.002032
      1.4492    0.728587    0.726556   0.0015461
     1.47485    0.707039    0.696975  0.00232179
      1.5005    0.688073    0.680725  0.00197548
     1.52615    0.668315    0.668389  0.00101169
      1.5518    0.663891    0.661785  0.00258087
     1.57745    0.658167    0.661813  0.00232286
      1.6031    0.659662    0.665777  0.00149905
     1.62875    0.673747    0.675814  0.00204351
      1.6544    0.693622    0.693664   0.0021099
     1.68005    0.703899    0.712512   0.0017808
      1.7057    0.731386    0.741327  0.00239036
     1.73135    0.770868     0.77353  0.00255817
       1.757    0.801695    0.799651  0.00178263
     1.78265    0.832117    0.836576  0.00225508
      1.8083    0.885542    0.881272  0.00202178
     1.83395    0.919915    0.921856  0.00266599
      1.8596    0.965902    0.962083  0.00227466
     1.88525    0.997942     0.99978  0.00385572
      1.9109      1.0357     1.03789  0.00452273
     1.93655     1.08074     1.07415   0.0026459
      1.9622     1.11157     1.11091  0.00269245
     1.98785      1.1407     1.14057  0.00330866
      2.0135     1.16748     1.16712  0.00195175
     2.03915     1.18924     1.18771  0.00152136
      2.0648     1.19721     1.19722  0.00257714
     2.09045     1.19999     1.19879  0.00241746
      2.1161     1.19884     1.19403  0.00274072
     2.14174     1.18388     1.18338  0.00132166
     2.16739     1.16216     1.16404  0.00236413
     2.19304     1.13136      1.1416  0.00244488
     2.21869     1.11041     1.11496  0.00236727
     2.24434     1.08939     1.08688  0.00104618
     2.26999     1.05996     1.05826  0.00130445
     2.29564     1.03463     1.03112  0.00163027
     2.32129     1.01196     1.00757  0.00199509
     2.34694    0.985904    0.980915  0.00179746
     2.37259    0.961093    0.958909  0.00252211
     2.39824    0.939073    0.938136  0.00235552
     2.42389    0.922062    0.922881  0.00171278
     2.44954    0.908496    0.909865  0.00174413
     2.47519    0.898776    0.901865  0.00144238
     2.50084    0.886216    0.886746  0.00157465
     2.52649    0.876551     0.87674  0.00106079
     2.55214    0.880001    0.876361  0.00115876
#blocco numero 9
   0.0128248           0           0           0
   0.0384745           0           0           0
   0.0641241           0           0           0
   0.0897737           0           0           0
    0.115423           0           0           0
    0.141073           0           0           0
    0.166723           0           0           0
    0.192372           0           0           0
    0.218022           0           0           0
    0.243672           0           0           0
    0.269321           0           0           0
    0.294971           0           0           0
     0.32062           0           0           0
     0.34627           0           0           0
     0.37192           0           0           0
    0.397569           0           0           0
    0.423219           0           0           0
    0.448869           0           0           0
    0.474518           0           0           0
    0.500168           0           0           0
    0.525818           0           0           0
    0.551467           0           0           0
    0.577117           0           0           0
    0.602767           0           0           0
    0.628416           0           0           0
    0.654066           0           0           0
    0.679715           0           0           0
    0.705365           0           0           0
    0.731015           0           0           0
    0.756664           0           0           0
    0.782314           0           0           0
    0.807964           0           0           0
    0.833613           0           0           0
    0.859263           0           0           0
    0.884913  0.00106925  0.00129696 0.000134012
    0.910562   0.0248036   0.0236011 0.000445671
    0.936212    0.161537    0.160753  0.00170136
    0.961861    0.564363    0.546351   0.0042617
    0.987511     1.17425     1.17347  0.00369884
     1.01316     1.84661     1.81401  0.00563044
     1.03881      2.3039     2.27627  0.00506937
     1.06446     2.48559     2.48814  0.00334525
     1.09011     2.49713     2.49078  0.00530014
     1.11576     2.33294     2.34693  0.00441581
     1.14141     2.13656      2.1529  0.00409578
     1.16706     1.92126      1.9284   0.0040576
     1.19271     1.69992     1.71646  0.00322278
     1.21836     1.50032     1.52923   0.0046511
     1.24401     1.36165     1.36149   0.0016118
     1.26966     1.21316     1.22342  0.00303776
     1.29531     1.10843     1.10855  0.00283817
     1.32096     1.00826     1.00898  0.00244254
     1.34661     0.93774     0.92657  0.00280125
     1.37226    0.856408    0.859347  0.00266332
     1.39791    0.805216    0.805054  0.00274124
     1.42355    0.759556    0.757297  0.00182573
      1.4492    0.725093    0.726394  0.00138284
     1.47485     0.68937     0.69613  0.00221225
      1.5005    0.677364    0.680352  0.00179094
     1.52615    0.664889       0.668 0.000971157
      1.5518     0.66879    0.662563  0.00240864
     1.57745    0.665394    0.662211  0.00209858
      1.6031    0.662714    0.665437  0.00137058
     1.62875    0.675479    0.675777  0.00181679
      1.6544    0.692214    0.693503   0.0018816
     1.68005    0.715827     0.71288  0.00162059
      1.7057    0.733745    0.740485  0.00226838
     1.73135    0.774586    0.773647  0.00227662
       1.757    0.807048    0.800473  0.00176388
     1.78265     0.84026    0.836985  0.00204133
      1.8083    0.887198     0.88193  0.00190135
     1.83395     0.92878    0.922626  0.00247828
      1.8596    0.977414    0.963787  0.00258214
     1.88525     1.00635     1.00051   0.0034958
      1.9109     1.04239     1.03839  0.00404772
     1.93655     1.08961     1.07586   0.0028556
      1.9622      1.1163     1.11151  0.00245904
     1.98785     1.15186     1.14182  0.00317006
      2.0135     1.16124     1.16647  0.00184111
     2.03915     1.18619     1.18754  0.00136157
      2.0648      1.2006     1.19759  0.00231809
     2.09045      1.1977     1.19867  0.00215189
      2.1161     1.19646      1.1943  0.00244942
     2.14174     1.17324     1.18225  0.00158355
     2.16739     1.15945     1.16353  0.00215578
     2.19304     1.12932     1.14024  0.00252526
     2.21869     1.09208     1.11242   0.0031894
     2.24434     1.06596     1.08455  0.00238057
     2.26999     1.04083     1.05632   0.0021626
     2.29564     1.02463      1.0304  0.00160064
     2.32129     1.00041     1.00677  0.00192548
     2.34694    0.982241    0.981063  0.00160377
     2.37259    0.955312     0.95851  0.00227332
     2.39824    0.942594    0.938631  0.00214523
     2.42389    0.927662    0.923413  0.00160272
     2.44954    0.908555    0.909719   0.0015564
     2.47519    0.896178    0.901233  0.00141376
     2.50084    0.890615    0.887176  0.00145718
     2.52649    0.885399    0.877702  0.00130843
     2.55214    0.885573    0.877384  0.00141147
#blocco numero 10
   0.0128248           0           0           0
   0.0384745           0           0           0
   0.0641241           0           0           0
   0.0897737           0           0           0
    0.115423           0           0           0
    0.141073           0           0           0
    0.166723           0           0           0
    0.192372           0           0           0
    0.218022           0           0           0
    0.243672           0           0           0
    0.269321           0           0           0
    0.294971           0           0           0
     0.32062           0           0           0
     0.34627           0           0           0
     0.37192           0           0           0
    0.397569           0           0           0
    0.423219           0           0           0
    0.448869           0           0           0
    0.474518           0           0           0
    0.500168           0           0           0
    0.525818           0           0           0
    0.551467           0           0           0
    0.577117           0           0           0
    0.602767           0           0           0
    0.628416           0           0           0
    0.654066           0           0           0
    0.679715           0           0           0
    0.705365           0           0           0
    0.731015           0           0           0
    0.756664           0           0           0
    0.782314           0           0           0
    0.807964           0           0           0
    0.833613           0           0           0
    0.859263           0           0           0
    0.884913  0.00169298  0.00133656 0.000126327
    0.910562    0.023077   0.0235487 0.000404173
    0.936212    0.159025     0.16058  0.00153997
    0.961861     0.54573    0.546289  0.00383599
    0.987511       1.174     1.17353  0.00332933
     1.01316     1.82267     1.81487  0.00513357
     1.03881     2.30818     2.27946  0.00547567
     1.06446     2.50811     2.49014  0.00355736
     1.09011     2.49194      2.4909  0.00477137
     1.11576     2.34816     2.34705  0.00397595
     1.14141     2.16308     2.15392  0.00381058
     1.16706     1.92892     1.92845  0.00365218
     1.19271     1.70249     1.71507  0.00318918
     1.21836     1.52458     1.52877  0.00420918
     1.24401     1.37963     1.36331  0.00225071
     1.26966     1.21748     1.22282  0.00279133
     1.29531      1.0932     1.10701  0.00294032
     1.32096     1.00501     1.00858   0.0022302
     1.34661    0.910072     0.92492  0.00296745
     1.37226    0.850119    0.858424  0.00255183
     1.39791    0.787372    0.803286  0.00298335
     1.42355    0.749479    0.756515   0.0018028
      1.4492    0.730065    0.726761  0.00129237
     1.47485    0.693102    0.695828  0.00201165
      1.5005    0.676721    0.679989  0.00164823
     1.52615    0.666253    0.667826 0.000889613
      1.5518    0.661163    0.662423  0.00217184
     1.57745    0.656279    0.661618  0.00197077
      1.6031    0.669782    0.665872  0.00130058
     1.62875    0.669856    0.675184   0.0017289
      1.6544    0.684993    0.692652  0.00187605
     1.68005    0.710126    0.712605  0.00148175
      1.7057    0.735398    0.739976  0.00209779
     1.73135    0.774208    0.773703  0.00204965
       1.757    0.801225    0.800548  0.00158909
     1.78265    0.850418    0.838328  0.00223592
      1.8083    0.882781    0.882015  0.00171312
     1.83395    0.934244    0.923788  0.00248794
      1.8596    0.969938    0.964402  0.00239606
     1.88525     1.01058     1.00152  0.00328802
      1.9109     1.05929     1.04048  0.00414758
     1.93655     1.08281     1.07656  0.00265323
      1.9622      1.1176     1.11212  0.00228733
     1.98785     1.14987     1.14262  0.00295342
      2.0135     1.18422     1.16824  0.00236265
     2.03915     1.18661     1.18744  0.00122856
      2.0648     1.20005     1.19784   0.0020993
     2.09045     1.20021     1.19882  0.00194225
      2.1161     1.19063     1.19393  0.00223186
     2.14174     1.18159     1.18219  0.00142658
     2.16739     1.15805     1.16298  0.00200879
     2.19304     1.14114     1.14033  0.00227434
     2.21869      1.0996     1.11114  0.00311761
     2.24434     1.07383     1.08348  0.00237201
     2.26999     1.04917     1.05561  0.00206122
     2.29564     1.02249     1.02961  0.00162433
     2.32129    0.994423     1.00554  0.00209175
     2.34694    0.971272    0.980084  0.00171639
     2.37259     0.95068    0.957727  0.00217664
     2.39824     0.93696    0.938464  0.00193721
     2.42389    0.917375    0.922809  0.00155201
     2.44954    0.908768    0.909624  0.00140366
     2.47519    0.903829    0.901492  0.00129601
     2.50084     0.88483    0.886942  0.00133022
     2.52649    0.879909    0.877923  0.00119605
     2.55214    0.878958    0.877542  0.00127907
#blocco numero 11
   0.0128248           0           0           0
   0.0384745           0           0           0
   0.0641241           0           0           0
   0.0897737           0           0           0
    0.115423           0           0           0
    0.141073           0           0           0
    0.166723           0           0           0
    0.192372           0           0           0
    0.218022           0           0           0
    0.243672           0           0           0
    0.269321           0           0           0
    0.294971           0           0           0
     0.32062           0           0           0
     0.34627           0           0           0
     0.37192           0           0           0
    0.397569           0           0           0
    0.423219           0           0           0
    0.448869           0           0           0
    0.474518           0           0           0
    0.500168           0           0           0
    0.525818           0           0           0
    0.551467           0           0           0
    0.577117           0           0           0
    0.602767           0           0           0
    0.628416           0           0           0
    0.654066           0           0           0
    0.679715           0           0           0
    0.705365           0           0           0
    0.731015           0           0           0
    0.756664           0           0           0
    0.782314           0           0           0
    0.807964           0           0           0
    0.833613           0           0           0
    0.859263           0           0           0
    0.884913   0.0010247  0.00130821 0.000117981
    0.910562   0.0228244   0.0234828 0.000372755
    0.936212    0.156115    0.160174  0.00145249
    0.961861    0.537415    0.545482  0.00357109
    0.987511      1.1633      1.1726  0.00315371
     1.01316     1.82134     1.81546   0.0047004
     1.03881     2.28854     2.28028  0.00503973
     1.06446     2.49441     2.49052  0.00325507
     1.09011     2.50141     2.49186  0.00443226
     1.11576     2.36395     2.34859  0.00389988
     1.14141     2.15273     2.15381   0.0034657
     1.16706     1.94863     1.93028  0.00375265
     1.19271     1.74496     1.71778  0.00388837
     1.21836     1.52766     1.52867  0.00382773
     1.24401     1.35211     1.36229   0.0022648
     1.26966      1.2086     1.22153  0.00282128
     1.29531     1.09345     1.10578  0.00292015
     1.32096     1.01069     1.00877  0.00203565
     1.34661    0.910402      0.9236  0.00297675
     1.37226    0.844467    0.857155  0.00261635
     1.39791    0.787336    0.801836  0.00304417
     1.42355    0.756214    0.756488  0.00163911
      1.4492     0.72689    0.726772  0.00117494
     1.47485    0.696152    0.695857  0.00182899
      1.5005    0.667517    0.678855  0.00184762
     1.52615    0.661705    0.667269  0.00096721
      1.5518    0.672061    0.663299  0.00214387
     1.57745    0.665792    0.661997  0.00182778
      1.6031    0.663237    0.665632   0.0012042
     1.62875     0.67957    0.675583  0.00161703
      1.6544    0.688468    0.692272  0.00174363
     1.68005    0.716128    0.712925  0.00138123
      1.7057    0.734973    0.739521  0.00195576
     1.73135    0.762936    0.772724  0.00208397
       1.757      0.8026    0.800735  0.00145554
     1.78265    0.844715    0.838909  0.00210669
      1.8083    0.881373    0.881957  0.00155837
     1.83395    0.924958    0.923894  0.00226404
      1.8596    0.969528    0.964868  0.00222309
     1.88525     1.01735     1.00296  0.00328898
      1.9109     1.04679     1.04105  0.00381002
     1.93655     1.08129     1.07699  0.00244665
      1.9622     1.12165     1.11298  0.00223753
     1.98785     1.14317     1.14267  0.00268535
      2.0135      1.1726     1.16864  0.00218079
     2.03915     1.18893     1.18758  0.00112427
      2.0648     1.20456     1.19845  0.00199544
     2.09045     1.20422     1.19931  0.00182651
      2.1161     1.18363       1.193   0.0022168
     2.14174     1.18472     1.18242  0.00131538
     2.16739     1.16274     1.16296   0.0018263
     2.19304     1.13746     1.14007   0.0020825
     2.21869     1.10795     1.11085  0.00284759
     2.24434     1.08521     1.08364   0.0021616
     2.26999     1.05289     1.05536  0.00188857
     2.29564     1.01513     1.02829  0.00193749
     2.32129    0.996724     1.00474   0.0020493
     2.34694     0.97736    0.979836  0.00157811
     2.37259    0.946692    0.956724  0.00219779
     2.39824    0.932068    0.937883   0.0018463
     2.42389      0.9142    0.922026  0.00159608
     2.44954    0.910871    0.909737  0.00128062
     2.47519    0.900116    0.901367  0.00118421
     2.50084    0.889763    0.887198  0.00123376
     2.52649    0.878839    0.878006  0.00109021
     2.55214    0.881594     0.87791  0.00121469
#blocco numero 12
   0.0128248           0           0           0
   0.0384745           0           0           0
   0.0641241           0           0           0
   0.0897737           0           0           0
    0.115423           0           0           0
    0.141073           0           0           0
    0.166723           0           0           0
    0.192372           0           0           0
    0.218022           0           0           0
    0.243672           0           0           0
    0.269321           0           0           0
    0.294971           0           0           0
     0.32062           0           0           0
     0.34627           0           0           0
     0.37192           0           0           0
    0.397569           0           0           0
    0.423219           0           0           0
    0.448869           0           0           0
    0.474518           0           0           0
    0.500168           0           0           0
    0.525818           0           0           0
    0.551467           0           0           0
    0.577117           0           0           0
    0.602767           0           0           0
    0.628416           0           0           0
    0.654066           0           0           0
    0.679715           0           0           0
    0.705365           0           0           0
    0.731015           0           0           0
    0.756664           0           0           0
    0.782314           0           0           0
    0.807964           0           0           0
    0.833613           0           0           0
    0.859263           0           0           0
    0.884913  0.00160387  0.00133285 0.000110692
    0.910562   0.0218979   0.0233508 0.000364341
    0.936212     0.16369    0.160467  0.00136067
    0.961861    0.551777    0.546007   0.0033118
    0.987511     1.19097     1.17413  0.00324127
     1.01316     1.79971     1.81415   0.0044882
     1.03881     2.31335     2.28304  0.00531976
     1.06446     2.51656     2.49269  0.00363562
     1.09011     2.48568     2.49134  0.00409269
     1.11576     2.34246     2.34808  0.00360811
     1.14141     2.10767     2.14997  0.00486283
     1.16706     1.92371     1.92974  0.00347967
     1.19271     1.69493     1.71588  0.00400375
     1.21836     1.51757     1.52774  0.00361873
     1.24401     1.34124     1.36054   0.0026703
     1.26966     1.21744     1.22119  0.00260668
     1.29531     1.10843       1.106  0.00268515
     1.32096    0.995164     1.00764  0.00215888
     1.34661    0.920933    0.923378  0.00273697
     1.37226    0.846675    0.856282  0.00253989
     1.39791    0.801499    0.801808  0.00279061
     1.42355    0.773775    0.757928  0.00203957
      1.4492    0.730989    0.727124  0.00112834
     1.47485    0.710851    0.697107  0.00205963
      1.5005      0.6916    0.679917  0.00197549
     1.52615    0.674759    0.667893  0.00106918
      1.5518    0.663129    0.663285  0.00196526
     1.57745    0.666701    0.662389  0.00171698
      1.6031    0.672354    0.666192  0.00122724
     1.62875    0.677238    0.675721  0.00148815
      1.6544    0.697963    0.692746  0.00166157
     1.68005    0.715238    0.713118  0.00127951
      1.7057    0.741295    0.739669  0.00179836
     1.73135    0.771387    0.772613  0.00191328
       1.757    0.812425    0.801709  0.00162791
     1.78265    0.841752    0.839146  0.00194441
      1.8083    0.886603    0.882344  0.00147582
     1.83395    0.926338    0.924098  0.00208451
      1.8596    0.961468    0.964585  0.00205581
     1.88525     1.00057     1.00276  0.00302089
      1.9109     1.03902     1.04088  0.00349629
     1.93655     1.07878     1.07714   0.0022473
      1.9622     1.12416     1.11391   0.0022366
     1.98785     1.14957     1.14325  0.00252231
      2.0135     1.16463     1.16831  0.00202447
     2.03915     1.17123     1.18622  0.00166216
      2.0648     1.18979     1.19773  0.00195513
     2.09045     1.19163     1.19867  0.00178309
      2.1161      1.1766     1.19163  0.00241662
     2.14174     1.16608     1.18106  0.00177561
     2.16739     1.15443     1.16225  0.00180726
     2.19304     1.13247     1.13943  0.00200291
     2.21869     1.11096     1.11086  0.00261031
     2.24434      1.0839     1.08366  0.00198158
     2.26999     1.05673     1.05547  0.00173463
     2.29564      1.0287     1.02832  0.00177633
     2.32129     1.00753     1.00497  0.00189174
     2.34694    0.979185    0.979782  0.00144754
     2.37259    0.958909    0.956906  0.00202218
     2.39824    0.942198    0.938242  0.00172711
     2.42389     0.93377    0.923005   0.0017374
     2.44954    0.914673    0.910149  0.00123819
     2.47519    0.903771    0.901568  0.00110233
     2.50084    0.888927    0.887342  0.00113933
     2.52649    0.882788    0.878405   0.0010697
     2.55214    0.882533    0.878295  0.00117296
#blocco numero 13
   0.0128248           0           0           0
   0.0384745           0           0           0
   0.0641241           0           0           0
   0.0897737           0           0           0
    0.115423           0           0           0
    0.141073           0           0           0
    0.166723           0           0           0
    0.192372           0           0           0
    0.218022           0           0           0
    0.243672           0           0           0
    0.269321           0           0           0
    0.294971           0           0           0
     0.32062           0           0           0
     0.34627           0           0           0
     0.37192           0           0           0
    0.397569           0           0           0
    0.423219           0           0           0
    0.448869           0           0           0
    0.474518           0           0           0
    0.500168           0           0           0
    0.525818           0           0           0
    0.551467           0           0           0
    0.577117           0           0           0
    0.602767           0           0           0
    0.628416           0           0           0
    0.654066           0           0           0
    0.679715           0           0           0
    0.705365           0           0           0
    0.731015           0           0           0
    0.756664           0           0           0
    0.782314           0           0           0
    0.807964           0           0           0
    0.833613           0           0           0
    0.859263           0           0           0
    0.884913  0.00169298  0.00136055 0.000105587
    0.910562   0.0232455   0.0233427 0.000336404
    0.936212    0.161816    0.160571  0.00125995
    0.961861    0.546032    0.546009  0.00305705
    0.987511     1.16793     1.17365  0.00302678
     1.01316     1.83413     1.81569  0.00439824
     1.03881     2.29562     2.28401  0.00499776
     1.06446      2.4828     2.49193  0.00343464
     1.09011     2.51086     2.49284  0.00404383
     1.11576     2.35915     2.34893   0.0034297
     1.14141     2.16039     2.15077  0.00455433
     1.16706     1.92575     1.92943  0.00322549
     1.19271     1.68497      1.7135  0.00434474
     1.21836     1.51513     1.52677  0.00346798
     1.24401      1.3411     1.35904  0.00285273
     1.26966         1.2     1.21956  0.00287102
     1.29531      1.0911     1.10486  0.00271226
     1.32096    0.999463     1.00701  0.00208238
     1.34661    0.911509    0.922465  0.00267437
     1.37226    0.854967    0.856181  0.00234653
     1.39791    0.803917     0.80197  0.00258066
     1.42355    0.768501    0.758742   0.0020384
      1.4492    0.734802    0.727714   0.0011861
     1.47485     0.71773    0.698693  0.00243675
      1.5005    0.689844    0.680681  0.00196559
     1.52615    0.675987    0.668516  0.00115404
      1.5518    0.671577    0.663923   0.0019148
     1.57745    0.670847     0.66304  0.00170371
      1.6031    0.684991    0.667638  0.00179266
     1.62875    0.676692    0.675796  0.00137555
      1.6544    0.685949    0.692223  0.00161393
     1.68005    0.708485    0.712761  0.00122971
      1.7057    0.737721    0.739519  0.00166626
     1.73135    0.759773    0.771625  0.00200491
       1.757    0.797935    0.801419  0.00152836
     1.78265    0.832541    0.838638  0.00186004
      1.8083    0.883008    0.882395  0.00136317
     1.83395    0.919989    0.923782  0.00194797
      1.8596     0.95943    0.964188  0.00193554
     1.88525    0.999118     1.00248  0.00280147
      1.9109     1.04578     1.04126  0.00324759
     1.93655      1.0822     1.07753  0.00210787
      1.9622     1.10736     1.11341  0.00212059
     1.98785     1.15337     1.14403  0.00244559
      2.0135     1.17494     1.16882  0.00193204
     2.03915     1.19083     1.18657  0.00157175
      2.0648       1.206     1.19836  0.00190547
     2.09045     1.20145     1.19889  0.00165867
      2.1161     1.19212     1.19167  0.00223101
     2.14174     1.17312     1.18045  0.00174081
     2.16739     1.15446     1.16165  0.00176485
     2.19304      1.1342     1.13903  0.00188882
     2.21869     1.11014      1.1108   0.0024101
     2.24434     1.08322     1.08363  0.00182944
     2.26999      1.0562     1.05553  0.00160209
     2.29564     1.02603     1.02815  0.00164843
     2.32129     1.00505     1.00498  0.00174623
     2.34694    0.975425    0.979447  0.00137443
     2.37259    0.948932    0.956292  0.00195743
     2.39824    0.940586    0.938423  0.00160364
     2.42389    0.923465     0.92304  0.00160411
     2.44954    0.911623    0.910262  0.00114812
     2.47519    0.901909    0.901594  0.00101785
     2.50084     0.88612    0.887248  0.00105556
     2.52649    0.877587    0.878342 0.000989269
     2.55214    0.876622    0.878167  0.00108977
#blocco numero 14
   0.0128248           0           0           0
   0.0384745           0           0           0
   0.0641241           0           0           0
   0.0897737           0           0           0
    0.115423           0           0           0
    0.141073           0           0           0
    0.166723           0           0           0
    0.192372           0           0           0
    0.218022           0           0           0
    0.243672           0           0           0
    0.269321           0           0           0
    0.294971           0           0           0
     0.32062           0           0           0
     0.34627           0           0           0
     0.37192           0           0           0
    0.397569           0           0           0
    0.423219           0           0           0
    0.448869           0           0           0
    0.474518           0           0           0
    0.500168           0           0           0
    0.525818           0           0           0
    0.551467           0           0           0
    0.577117           0           0           0
    0.602767           0           0           0
    0.628416           0           0           0
    0.654066           0           0           0
    0.679715           0           0           0
    0.705365           0           0           0
    0.731015           0           0           0
    0.756664           0           0           0
    0.782314           0           0           0
    0.807964           0           0           0
    0.833613           0           0           0
    0.859263           0           0           0
    0.884913 0.000980143  0.00133338 0.000101481
    0.910562   0.0240035   0.0233899  0.00031567
    0.936212    0.167437    0.161062   0.0012618
    0.961861    0.574416    0.548038  0.00344694
    0.987511     1.20069     1.17558  0.00337101
     1.01316     1.84767     1.81797  0.00463968
     1.03881     2.30247     2.28533   0.0048116
     1.06446     2.49889     2.49243  0.00322507
     1.09011     2.49312     2.49286  0.00375503
     1.11576     2.34021     2.34831  0.00324078
     1.14141     2.15677      2.1512  0.00424918
     1.16706     1.90658      1.9278  0.00338276
     1.19271     1.69196     1.71196  0.00429817
     1.21836     1.51918     1.52623  0.00326238
     1.24401     1.35052     1.35843  0.00271319
     1.26966     1.21589      1.2193  0.00267789
     1.29531     1.08938     1.10375  0.00273454
     1.32096    0.988423     1.00568  0.00231854
     1.34661    0.912462     0.92175  0.00257703
     1.37226    0.859515    0.856419  0.00219097
     1.39791    0.803755    0.802097  0.00239948
     1.42355    0.759121    0.758769  0.00189298
      1.4492    0.724555    0.727489  0.00112265
     1.47485    0.692859    0.698276  0.00229806
      1.5005    0.671594    0.680032  0.00192938
     1.52615    0.665207    0.668279  0.00109554
      1.5518    0.660268    0.663662  0.00179574
     1.57745    0.660965    0.662891  0.00158845
      1.6031    0.666963     0.66759  0.00166526
     1.62875    0.683314    0.676333  0.00137814
      1.6544    0.697382    0.692592  0.00154013
     1.68005    0.711517    0.712673  0.00114508
      1.7057    0.743873     0.73983  0.00157599
     1.73135    0.773795     0.77178  0.00186768
       1.757     0.80487    0.801665  0.00143894
     1.78265    0.848012    0.839307  0.00184377
      1.8083     0.88474    0.882563  0.00127606
     1.83395     0.92818    0.924096  0.00183399
      1.8596    0.970224    0.964619  0.00184469
     1.88525     1.01554     1.00341  0.00275241
      1.9109     1.05602     1.04232  0.00318213
     1.93655     1.08396     1.07799   0.0020067
      1.9622     1.11925     1.11383   0.0020098
     1.98785     1.14719     1.14425  0.00228133
      2.0135     1.17616     1.16934  0.00186385
     2.03915      1.1864     1.18656  0.00145953
      2.0648     1.19694     1.19826  0.00177208
     2.09045     1.20369     1.19923  0.00157526
      2.1161     1.19284     1.19175  0.00207322
     2.14174     1.17191     1.17984  0.00172003
     2.16739     1.15779     1.16138   0.0016602
     2.19304     1.12412     1.13797  0.00203206
     2.21869     1.11479     1.11109  0.00225472
     2.24434     1.07771      1.0832  0.00174693
     2.26999     1.04828     1.05501   0.0015691
     2.29564     1.02097     1.02764  0.00160844
     2.32129    0.997172     1.00442  0.00170815
     2.34694    0.968313    0.978651  0.00148867
     2.37259    0.947506    0.955665  0.00191558
     2.39824    0.935206    0.938193  0.00150547
     2.42389    0.919008    0.922752  0.00151517
     2.44954    0.902431    0.909703  0.00119461
     2.47519    0.902251    0.901641  0.00094623
     2.50084    0.885659    0.887135 0.000986247
     2.52649    0.880343    0.878485 0.000928878
     2.55214    0.879395    0.878254  0.00101546
#blocco numero 15
   0.0128248           0           0           0
   0.0384745           0           0           0
   0.0641241           0           0           0
   0.0897737           0           0           0
    0.115423           0           0           0
    0.141073           0           0           0
    0.166723           0           0           0
    0.192372           0           0           0
    0.218022           0           0           0
    0.243672           0           0           0
    0.269321           0           0           0
    0.294971           0           0           0
     0.32062           0           0           0
     0.34627           0           0           0
     0.37192           0           0           0
    0.397569           0           0           0
    0.423219           0           0           0
    0.448869           0           0           0
    0.474518           0           0           0
    0.500168           0           0           0
    0.525818           0           0           0
    0.551467           0           0           0
    0.577117           0           0           0
    0.602767           0           0           0
    0.628416           0           0           0
    0.654066           0           0           0
    0.679715           0           0           0
    0.705365           0           0           0
    0.731015           0           0           0
    0.756664           0           0           0
    0.782314           0           0           0
    0.807964           0           0           0
    0.833613           0           0           0
    0.859263           0           0           0
    0.884913  0.00133656  0.00133359 9.47157e-05
    0.910562   0.0256458   0.0235403 0.000328505
    0.936212    0.163969    0.161255  0.00119248
    0.961861    0.559449    0.548799  0.00330003
    0.987511     1.18203     1.17601  0.00317359
     1.01316     1.85112     1.82018  0.00482798
     1.03881     2.29568     2.28602   0.0045401
     1.06446     2.48113     2.49168  0.00309676
     1.09011     2.47635     2.49176  0.00366247
     1.11576     2.36496     2.34942   0.0032093
     1.14141     2.11082      2.1485  0.00474244
     1.16706     1.89854     1.92585  0.00367691
     1.19271     1.69112     1.71057  0.00423022
     1.21836     1.53391     1.52674  0.00308485
     1.24401     1.34131     1.35729  0.00276204
     1.26966      1.2194      1.2193  0.00249937
     1.29531     1.10652     1.10394  0.00255847
     1.32096     1.01836     1.00653  0.00231281
     1.34661    0.937545    0.922803  0.00261151
     1.37226    0.873609    0.857565  0.00232539
     1.39791    0.813245     0.80284  0.00235179
     1.42355    0.764359    0.759141  0.00180309
      1.4492    0.731392    0.727749  0.00107754
     1.47485    0.697596    0.698231   0.0021453
      1.5005     0.68674    0.680479  0.00185186
     1.52615    0.666936     0.66819  0.00102616
      1.5518    0.660034     0.66342  0.00169223
     1.57745    0.662399    0.662859  0.00148289
      1.6031    0.665327    0.667439  0.00156106
     1.62875    0.681755    0.676694  0.00133283
      1.6544    0.685239    0.692101  0.00151346
     1.68005    0.709237    0.712443  0.00109141
      1.7057    0.736359    0.739599  0.00148782
     1.73135    0.773547    0.771898  0.00174688
       1.757    0.806211    0.801968  0.00137456
     1.78265    0.841552    0.839457  0.00172691
      1.8083    0.883398    0.882618   0.0011922
     1.83395    0.923242    0.924039  0.00171261
      1.8596    0.962789    0.964497  0.00172574
     1.88525     1.00132     1.00327  0.00257245
      1.9109     1.04933     1.04278   0.0030041
     1.93655     1.07831     1.07801  0.00187303
      1.9622      1.1129     1.11377  0.00187675
     1.98785     1.15135     1.14473  0.00217769
      2.0135     1.16747     1.16922  0.00174374
     2.03915     1.19101     1.18686  0.00139206
      2.0648     1.19423     1.19799  0.00167422
     2.09045     1.20038     1.19931   0.0014721
      2.1161     1.19726     1.19212  0.00196723
     2.14174     1.18412     1.18012   0.0016289
     2.16739     1.15428      1.1609  0.00161555
     2.19304     1.13624     1.13785  0.00189985
     2.21869      1.1116     1.11112  0.00210467
     2.24434     1.08132     1.08308  0.00163496
     2.26999     1.05021     1.05469  0.00149679
     2.29564     1.02558      1.0275  0.00150704
     2.32129     1.00264      1.0043   0.0015984
     2.34694    0.971053    0.978145  0.00147308
     2.37259    0.959244    0.955903  0.00180267
     2.39824    0.937349    0.938137  0.00140615
     2.42389    0.923108    0.922776  0.00141434
     2.44954     0.91167    0.909834  0.00112215
     2.47519    0.900963    0.901596 0.000884225
     2.50084    0.881585    0.886765 0.000987462
     2.52649    0.876562    0.878356 0.000875753
     2.55214    0.880372    0.878396  0.00095752
#blocco numero 16
   0.0128248           0           0           0
   0.0384745           0           0           0
   0.0641241           0           0           0
   0.0897737           0           0           0
    0.115423           0           0           0
    0.141073           0           0           0
    0.166723           0           0           0
    0.192372           0           0           0
    0.218022           0           0           0
    0.243672           0           0           0
    0.269321           0           0           0
    0.294971           0           0           0
     0.32062           0           0           0
     0.34627           0           0           0
     0.37192           0           0           0
    0.397569           0           0           0
    0.423219           0           0           0
    0.448869           0           0           0
    0.474518           0           0           0
    0.500168           0           0           0
    0.525818           0           0           0
    0.551467           0           0           0
    0.577117           0           0           0
    0.602767           0           0           0
    0.628416           0           0           0
    0.654066           0           0           0
    0.679715           0           0           0
    0.705365           0           0           0
    0.731015           0           0           0
    0.756664           0           0           0
    0.782314           0           0           0
    0.807964           0           0           0
    0.833613           0           0           0
    0.859263           0           0           0
    0.884913  0.00151477  0.00134491 8.94703e-05
    0.910562   0.0240035   0.0235692 0.000309246
    0.936212    0.170108    0.161809  0.00123968
    0.961861    0.558164    0.549384  0.00314526
    0.987511      1.1698     1.17562  0.00299892
     1.01316     1.83519     1.82112  0.00461643
     1.03881     2.27247     2.28517  0.00433458
     1.06446     2.46245     2.48985  0.00339969
     1.09011     2.46254     2.48993  0.00386225
     1.11576     2.35628     2.34985  0.00303723
     1.14141     2.15411     2.14885  0.00445894
     1.16706     1.96738     1.92844  0.00426605
     1.19271     1.71207     1.71067  0.00396687
     1.21836     1.54642     1.52797  0.00312767
     1.24401     1.35183     1.35695  0.00261038
     1.26966     1.21259     1.21889  0.00237809
     1.29531     1.09257     1.10323  0.00249524
     1.32096     1.00784     1.00661  0.00216972
     1.34661    0.915357    0.922338  0.00248942
     1.37226    0.856689     0.85751  0.00218069
     1.39791    0.795636     0.80239   0.0022475
     1.42355    0.758163     0.75908  0.00169144
      1.4492    0.719398    0.727227  0.00112955
     1.47485    0.710494    0.698997  0.00214377
      1.5005    0.692729    0.681244  0.00188778
     1.52615    0.668346      0.6682 0.000962069
      1.5518    0.661896    0.663325  0.00158915
     1.57745    0.667254    0.663133  0.00141543
      1.6031    0.661642    0.667077  0.00150496
     1.62875    0.678983    0.676837  0.00125718
      1.6544    0.696374    0.692369  0.00144223
     1.68005    0.705741    0.712025  0.00110066
      1.7057    0.728492    0.738904  0.00154831
     1.73135    0.767126      0.7716  0.00166296
       1.757    0.794106    0.801477  0.00137368
     1.78265    0.830525    0.838899  0.00170684
      1.8083     0.88447    0.882734  0.00112329
     1.83395    0.924074    0.924041  0.00160557
      1.8596    0.965257    0.964545  0.00161853
     1.88525     1.00909     1.00364  0.00243727
      1.9109     1.04515     1.04293  0.00281999
     1.93655     1.07922     1.07808   0.0017575
      1.9622     1.12618     1.11454  0.00191306
     1.98785     1.14262      1.1446  0.00204557
      2.0135     1.16997     1.16926  0.00163539
     2.03915     1.19241      1.1872  0.00134763
      2.0648     1.19764     1.19797  0.00156972
     2.09045      1.1999     1.19934  0.00138056
      2.1161     1.19313     1.19218  0.00184529
     2.14174     1.19162     1.18084  0.00167803
     2.16739     1.16283     1.16102  0.00151906
     2.19304      1.1382     1.13787  0.00178123
     2.21869     1.10916       1.111   0.0019767
     2.24434     1.09159     1.08361  0.00161691
     2.26999     1.05312     1.05459  0.00140647
     2.29564      1.0297     1.02764   0.0014191
     2.32129     1.00396     1.00428  0.00149864
     2.34694    0.976702    0.978055  0.00138377
     2.37259    0.959174    0.956108  0.00170156
     2.39824    0.940531    0.938286   0.0013262
     2.42389    0.923011    0.922791  0.00132602
     2.44954    0.899583    0.909193  0.00122129
     2.47519    0.899525    0.901466 0.000838381
     2.50084    0.882483    0.886497 0.000961327
     2.52649    0.875521    0.878179 0.000838764
     2.55214    0.877168    0.878319 0.000900744
#blocco numero 17
   0.0128248           0           0           0
   0.0384745           0           0           0
   0.0641241           0           0           0
   0.0897737           0           0           0
    0.115423           0           0           0
    0.141073           0           0           0
    0.166723           0           0           0
    0.192372           0           0           0
    0.218022           0           0           0
    0.243672           0           0           0
    0.269321           0           0           0
    0.294971           0           0           0
     0.32062           0           0           0
     0.34627           0           0           0
     0.37192           0           0           0
    0.397569           0           0           0
    0.423219           0           0           0
    0.448869           0           0           0
    0.474518           0           0           0
    0.500168           0           0           0
    0.525818           0           0           0
    0.551467           0           0           0
    0.577117           0           0           0
    0.602767           0           0           0
    0.628416           0           0           0
    0.654066           0           0           0
    0.679715           0           0           0
    0.705365           0           0           0
    0.731015           0           0           0
    0.756664           0           0           0
    0.782314           0           0           0
    0.807964           0           0           0
    0.833613           0           0           0
    0.859263           0           0           0
    0.884913 0.000579176  0.00129987 9.48706e-05
    0.910562   0.0234139   0.0235601  0.00029119
    0.936212    0.160381    0.161725   0.0011696
    0.961861    0.560205     0.55002  0.00302398
    0.987511     1.18236     1.17602  0.00284854
     1.01316     1.83676     1.82204  0.00443558
     1.03881     2.29182     2.28556  0.00409721
     1.06446     2.49833     2.49035  0.00323614
     1.09011     2.49138     2.49002  0.00363599
     1.11576     2.35163     2.34995  0.00286038
     1.14141     2.12427     2.14741  0.00442496
     1.16706     1.92232     1.92808  0.00403029
     1.19271     1.70439      1.7103  0.00375067
     1.21836      1.5341     1.52833  0.00296442
     1.24401     1.36568     1.35746  0.00250681
     1.26966     1.21403      1.2186  0.00225526
     1.29531     1.09232     1.10258  0.00242956
     1.32096     1.00275     1.00638  0.00205391
     1.34661    0.904456    0.921286  0.00255556
     1.37226    0.841472    0.856567  0.00224724
     1.39791    0.797656    0.802112  0.00213248
     1.42355    0.750227     0.75856  0.00167019
      1.4492    0.720843    0.726851  0.00112381
     1.47485     0.68585    0.698224  0.00215266
      1.5005    0.686662    0.681563  0.00180342
     1.52615    0.664025    0.667954 0.000936296
      1.5518    0.658728    0.663054  0.00151849
     1.57745    0.658948    0.662887  0.00135341
      1.6031    0.665355    0.666976  0.00141984
     1.62875    0.683114    0.677206  0.00123626
      1.6544    0.703272     0.69301  0.00149322
     1.68005    0.713823     0.71213  0.00104098
      1.7057    0.745368    0.739285   0.0015032
     1.73135    0.784465    0.772357   0.0017288
       1.757    0.805994    0.801743  0.00131832
     1.78265    0.841262    0.839038  0.00161209
      1.8083    0.887707    0.883026  0.00109464
     1.83395    0.926917     0.92421  0.00152001
      1.8596    0.968903    0.964801   0.0015435
     1.88525     1.01089     1.00406  0.00233095
      1.9109      1.0565     1.04373   0.0027647
     1.93655     1.08822     1.07868   0.0017523
      1.9622     1.11126     1.11435  0.00181022
     1.98785     1.13891     1.14426  0.00195236
      2.0135     1.17025     1.16932  0.00154021
     2.03915     1.19577     1.18771  0.00135929
      2.0648     1.18095     1.19697  0.00176804
     2.09045      1.2055     1.19971    0.001346
      2.1161     1.18305     1.19164  0.00181321
     2.14174      1.1665        1.18  0.00177877
     2.16739     1.15364     1.16059  0.00149044
     2.19304     1.13197     1.13753  0.00170992
     2.21869     1.10919     1.11089  0.00186327
     2.24434     1.07258     1.08296  0.00164691
     2.26999     1.05671     1.05472  0.00132922
     2.29564     1.03141     1.02786  0.00135292
     2.32129     1.00336     1.00422  0.00141145
     2.34694    0.980474    0.978197  0.00130967
     2.37259    0.963112     0.95652  0.00165059
     2.39824    0.937139    0.938219   0.0012499
     2.42389    0.925799    0.922968  0.00125978
     2.44954    0.903645    0.908867  0.00119226
     2.47519    0.900302    0.901398 0.000791856
     2.50084    0.890087    0.886708 0.000927677
     2.52649    0.875715    0.878034 0.000801849
     2.55214    0.883221    0.878607  0.00089272
#blocco numero 18
   0.0128248           0           0           0
   0.0384745           0           0           0
   0.0641241           0           0           0
   0.0897737           0           0           0
    0.115423           0           0           0
    0.141073           0           0           0
    0.166723           0           0           0
    0.192372           0           0           0
    0.218022           0           0           0
    0.243672           0           0           0
    0.269321           0           0           0
    0.294971           0           0           0
     0.32062           0           0           0
     0.34627           0           0           0
     0.37192           0           0           0
    0.397569           0           0           0
    0.423219           0           0           0
    0.448869           0           0           0
    0.474518           0           0           0
    0.500168           0           0           0
    0.525818           0           0           0
    0.551467           0           0           0
    0.577117           0           0           0
    0.602767           0           0           0
    0.628416           0           0           0
    0.654066           0           0           0
    0.679715           0           0           0
    0.705365           0           0           0
    0.731015           0           0           0
    0.756664           0           0           0
    0.782314           0           0           0
    0.807964           0           0           0
    0.833613           0           0           0
    0.859263           0           0           0
    0.884913  0.00173753  0.00132418 9.26634e-05
    0.910562   0.0229086   0.0235239 0.000277253
    0.936212    0.163092    0.161801  0.00110709
    0.961861    0.573774     0.55134   0.0031307
    0.987511     1.20044     1.17738  0.00299601
     1.01316     1.83761      1.8229  0.00427267
     1.03881     2.29072     2.28585  0.00387958
     1.06446     2.48905     2.49028  0.00305716
     1.09011     2.46611     2.48869  0.00366863
     1.11576     2.33756     2.34926  0.00278307
     1.14141     2.14386     2.14721  0.00418351
     1.16706     1.89008     1.92597  0.00432422
     1.19271     1.70639     1.71008  0.00354857
     1.21836     1.50584     1.52708  0.00305167
     1.24401     1.33719     1.35634   0.0026082
     1.26966     1.21578     1.21844   0.0021354
     1.29531     1.10281      1.1026  0.00229461
     1.32096      1.0039     1.00624  0.00194441
     1.34661    0.907837    0.920539  0.00252044
     1.37226     0.86644    0.857115  0.00218832
     1.39791    0.817106    0.802945  0.00217062
     1.42355    0.761957    0.758748  0.00158803
      1.4492    0.734265    0.727263  0.00113433
     1.47485    0.704913    0.698596   0.0020649
      1.5005    0.679575    0.681453  0.00170661
     1.52615    0.665238    0.667803 0.000896359
      1.5518    0.667661     0.66331  0.00145554
     1.57745    0.664585    0.662982   0.0012815
      1.6031    0.674265    0.667381  0.00139752
     1.62875    0.681755    0.677459  0.00119313
      1.6544    0.697756    0.693274  0.00143336
     1.68005    0.721791    0.712667  0.00111295
      1.7057    0.744493    0.739574  0.00144726
     1.73135    0.772886    0.772386    0.001633
       1.757    0.808481    0.802117  0.00129715
     1.78265    0.851465    0.839728  0.00166381
      1.8083    0.879392    0.882825  0.00105229
     1.83395    0.927706    0.924404  0.00144792
      1.8596    0.971474    0.965172  0.00150161
     1.88525      1.0035     1.00403  0.00220166
      1.9109     1.04993     1.04407  0.00263246
     1.93655     1.08934     1.07927  0.00175221
      1.9622     1.11183     1.11421  0.00171507
     1.98785     1.13613     1.14381   0.0018954
      2.0135      1.1617      1.1689  0.00151169
     2.03915     1.18168     1.18737  0.00132437
      2.0648     1.18603     1.19636  0.00177126
     2.09045     1.19085     1.19921   0.0013582
      2.1161     1.18591     1.19133  0.00174021
     2.14174     1.16692     1.17927  0.00182234
     2.16739     1.15876     1.16049  0.00141111
     2.19304      1.1318     1.13721  0.00164421
     2.21869     1.09732     1.11014  0.00190627
     2.24434      1.0743     1.08248  0.00162424
     2.26999      1.0521     1.05457  0.00126332
     2.29564     1.02392     1.02764  0.00129531
     2.32129     1.00604     1.00433  0.00133665
     2.34694    0.977727    0.978171  0.00123717
     2.37259     0.95629    0.956507  0.00155894
     2.39824     0.93924    0.938276  0.00118175
     2.42389    0.927239    0.923205  0.00121193
     2.44954    0.915751    0.909249  0.00118577
     2.47519    0.909061    0.901823 0.000854689
     2.50084    0.893411    0.887081 0.000947938
     2.52649    0.883016    0.878311 0.000803647
     2.55214    0.885158    0.878971 0.000914309
#blocco numero 19
   0.0128248           0           0           0
   0.0384745           0           0           0
   0.0641241           0           0           0
   0.0897737           0           0           0
    0.115423           0           0           0
    0.141073           0           0           0
    0.166723           0           0           0
    0.192372           0           0           0
    0.218022           0           0           0
    0.243672           0           0           0
    0.269321           0           0           0
    0.294971           0           0           0
     0.32062           0           0           0
     0.34627           0           0           0
     0.37192           0           0           0
    0.397569           0           0           0
    0.423219           0           0           0
    0.448869           0           0           0
    0.474518           0           0           0
    0.500168           0           0           0
    0.525818           0           0           0
    0.551467           0           0           0
    0.577117           0           0           0
    0.602767           0           0           0
    0.628416           0           0           0
    0.654066           0           0           0
    0.679715           0           0           0
    0.705365           0           0           0
    0.731015           0           0           0
    0.756664           0           0           0
    0.782314           0           0           0
    0.807964           0           0           0
    0.833613           0           0           0
    0.859263           0           0           0
    0.884913  0.00115835  0.00131546 8.81965e-05
    0.910562   0.0226138    0.023476 0.000266767
    0.936212    0.152089    0.161289  0.00116084
    0.961861    0.562019    0.551902  0.00301596
    0.987511     1.17245     1.17712  0.00284951
     1.01316     1.83103     1.82333  0.00406912
     1.03881     2.29072      2.2861  0.00368385
     1.06446     2.49243     2.49039  0.00289834
     1.09011     2.49081      2.4888  0.00347725
     1.11576     2.34204     2.34888  0.00266241
     1.14141     2.14745     2.14722  0.00396334
     1.16706     1.91208     1.92524  0.00415799
     1.19271     1.71593     1.71039  0.00337512
     1.21836     1.52626     1.52704  0.00289136
     1.24401     1.34904     1.35595  0.00249906
     1.26966     1.21172     1.21809  0.00205211
     1.29531     1.09389     1.10214  0.00221911
     1.32096     1.01143     1.00652  0.00186115
     1.34661    0.921671    0.920599  0.00238849
     1.37226    0.858074    0.857166  0.00207372
     1.39791    0.806876    0.803152  0.00206621
     1.42355    0.760722    0.758852  0.00150784
      1.4492    0.731745    0.727499  0.00109888
     1.47485    0.706665     0.69902  0.00199942
      1.5005    0.685282    0.681654  0.00162865
     1.52615    0.670059    0.667922 0.000857008
      1.5518    0.670888    0.663709  0.00143253
     1.57745     0.66511    0.663094  0.00121895
      1.6031     0.67058    0.667549  0.00133408
     1.62875    0.681888    0.677692  0.00115288
      1.6544    0.697162    0.693478  0.00137245
     1.68005     0.70737    0.712388  0.00108873
      1.7057    0.729915    0.739066  0.00145765
     1.73135    0.766749    0.772089  0.00157378
       1.757    0.802795    0.802153  0.00122937
     1.78265    0.839424    0.839712  0.00157632
      1.8083    0.877659    0.882553  0.00103142
     1.83395    0.918978    0.924119   0.0013996
      1.8596    0.964796    0.965152  0.00142271
     1.88525    0.999247     1.00378  0.00210013
      1.9109     1.04165     1.04395  0.00249699
     1.93655      1.0802     1.07932  0.00166067
      1.9622     1.11978      1.1145  0.00164967
     1.98785     1.14693     1.14397  0.00180276
      2.0135     1.16685     1.16879  0.00143595
     2.03915     1.19346     1.18769  0.00129281
      2.0648     1.19117     1.19609  0.00169901
     2.09045     1.19896      1.1992  0.00128678
      2.1161     1.19963     1.19176  0.00170268
     2.14174      1.1768     1.17914  0.00173108
     2.16739     1.15936     1.16043  0.00133809
     2.19304     1.13392     1.13703  0.00156674
     2.21869      1.1139     1.11034  0.00181621
     2.24434     1.07906      1.0823  0.00154869
     2.26999     1.06001     1.05486   0.0012288
     2.29564     1.03158     1.02785   0.0012436
     2.32129    0.999446     1.00407  0.00129074
     2.34694     0.97914    0.978222  0.00117311
     2.37259    0.957698     0.95657  0.00147815
     2.39824    0.934372     0.93807  0.00113727
     2.42389    0.925213    0.923311  0.00115274
     2.44954    0.900667    0.908797  0.00120634
     2.47519    0.896201    0.901527 0.000859409
     2.50084    0.884051    0.886921 0.000911356
     2.52649    0.876601    0.878221 0.000766374
     2.55214    0.875694    0.878799 0.000882304
#blocco numero 20
   0.0128248           0           0           0
   0.0384745           0           0           0
   0.0641241           0           0           0
   0.0897737           0           0           0
    0.115423           0           0           0
    0.141073           0           0           0
    0.166723           0           0           0
    0.192372           0           0           0
    0.218022           0           0           0
    0.243672           0           0           0
    0.269321           0           0           0
    0.294971           0           0           0
     0.32062           0           0           0
     0.34627           0           0           0
     0.37192           0           0           0
    0.397569           0           0           0
    0.423219           0           0           0
    0.448869           0           0           0
    0.474518           0           0           0
    0.500168           0           0           0
    0.525818           0           0           0
    0.551467           0           0           0
    0.577117           0           0           0
    0.602767           0           0           0
    0.628416           0           0           0
    0.654066           0           0           0
    0.679715           0           0           0
    0.705365           0           0           0
    0.731015           0           0           0
    0.756664           0           0           0
    0.782314           0           0           0
    0.807964           0           0           0
    0.833613           0           0           0
    0.859263           0           0           0
    0.884913   0.0011138  0.00130537  8.4361e-05
    0.910562   0.0252247   0.0235634 0.000267374
    0.936212    0.160221    0.161236  0.00110402
    0.961861    0.569427    0.552778  0.00298975
    0.987511     1.20159     1.17834   0.0029581
     1.01316     1.84505     1.82442  0.00400789
     1.03881     2.30867     2.28723  0.00366838
     1.06446     2.48265        2.49  0.00277915
     1.09011     2.50649     2.48969  0.00341397
     1.11576     2.34511     2.34869  0.00253594
     1.14141     2.12616     2.14617  0.00390266
     1.16706     1.90416     1.92418  0.00408148
     1.19271     1.69589     1.70966  0.00328329
     1.21836     1.51901     1.52664   0.0027745
     1.24401     1.35495      1.3559  0.00237461
     1.26966     1.21855     1.21811  0.00194964
     1.29531     1.10035     1.10205  0.00210994
     1.32096     1.00267     1.00632  0.00177799
     1.34661    0.924178    0.920777  0.00227576
     1.37226    0.862379    0.857426  0.00198635
     1.39791     0.79163    0.802576  0.00204163
     1.42355    0.757067    0.758763  0.00143509
      1.4492    0.718138    0.727031  0.00113927
     1.47485    0.691982    0.698668  0.00193017
      1.5005    0.667031    0.680923  0.00170344
     1.52615    0.659886     0.66752 0.000903451
      1.5518    0.653419    0.663195  0.00145036
     1.57745    0.660595    0.662969  0.00116438
      1.6031    0.663072    0.667325  0.00128602
     1.62875    0.681635    0.677889  0.00111196
      1.6544    0.696968    0.693653  0.00131487
     1.68005     0.71485    0.712511  0.00104123
      1.7057    0.744359     0.73933  0.00140859
     1.73135    0.783321    0.772651  0.00159213
       1.757     0.81724    0.802907  0.00138006
     1.78265     0.85161    0.840307  0.00160584
      1.8083     0.90176    0.883513  0.00135511
     1.83395    0.924958    0.924161  0.00133025
      1.8596    0.982576    0.966023  0.00159618
     1.88525     1.01944     1.00456  0.00213612
      1.9109     1.05198     1.04435  0.00240427
     1.93655     1.09098      1.0799  0.00167678
      1.9622      1.1145      1.1145  0.00156719
     1.98785     1.14474     1.14401  0.00171304
      2.0135     1.16975     1.16884  0.00136495
     2.03915     1.18438     1.18753  0.00123877
      2.0648     1.19463     1.19602  0.00161563
     2.09045     1.19701     1.19909   0.0012271
      2.1161     1.19031     1.19169  0.00161909
     2.14174     1.15838      1.1781  0.00193087
     2.16739     1.14091     1.15945  0.00158776
     2.19304      1.1227     1.13632  0.00164424
     2.21869     1.09469     1.10955  0.00188646
     2.24434     1.06954     1.08166  0.00159728
     2.26999      1.0403     1.05413  0.00136601
     2.29564      1.0222     1.02756    0.001213
     2.32129     1.00084     1.00391  0.00123623
     2.34694     0.97055    0.977838  0.00117549
     2.37259    0.957086    0.956596  0.00140447
     2.39824    0.935583    0.937946  0.00108719
     2.42389    0.920187    0.923154  0.00110563
     2.44954    0.910569    0.908886  0.00114926
     2.47519    0.904247    0.901663 0.000827122
     2.50084    0.891968    0.887173 0.000900041
     2.52649    0.883645    0.878492  0.00077456
     2.55214    0.883439    0.879031  0.00086816
