0.9345 100 0
0.981759 200 0.0472595
0.959915 300 0.0349525
0.953779 400 0.0254654
0.958228 500 0.0202209
0.952899 600 0.017349
0.971596 700 0.0237612
0.978991 800 0.021866
0.977557 900 0.0193372
0.97851 1000 0.017322
0.981223 1100 0.0159014
0.985601 1200 0.0151618
0.992957 1300 0.0157681
0.997204 1400 0.0152036
0.995442 1500 0.014263
0.995449 1600 0.0133418
0.994738 1700 0.0125526
0.991513 1800 0.0122663
0.991885 1900 0.0116088
0.988831 2000 0.0114289
0.994748 2100 0.012377
0.991884 2200 0.0121435
0.992851 2300 0.0116438
0.992577 2400 0.0111515
0.994911 2500 0.0109477
0.992557 2600 0.0107783
0.995854 2700 0.0108827
0.997125 2800 0.0105636
0.996383 2900 0.0102198
0.998552 3000 0.0101088
0.996637 3100 0.00996308
0.99483 3200 0.00981459
0.994581 3300 0.00951579
0.995012 3400 0.00924173
0.998271 3500 0.00954739
0.998846 3600 0.0092962
1.00028 3700 0.00915467
0.99889 3800 0.00901857
1.00053 3900 0.0089362
1.00098 4000 0.00872156
0.999051 4100 0.00872233
0.998006 4200 0.00857603
0.998105 4300 0.0083748
0.998519 4400 0.00819272
0.998621 4500 0.00800924
0.999568 4600 0.00789027
0.997847 4700 0.0079101
0.997023 4800 0.00778727
0.997518 4900 0.00764277
0.996752 5000 0.00752752
0.998375 5100 0.00755497
0.99855 5200 0.00741033
0.999197 5300 0.00729791
0.998709 5400 0.00717815
0.99745 5500 0.00715796
0.996479 5600 0.00709566
0.997554 5700 0.00705236
0.997945 5800 0.00694077
0.998331 5900 0.00683297
0.997998 6000 0.00672633
0.998907 6100 0.00667719
0.998195 6200 0.006607
0.999427 6300 0.00661691
0.997487 6400 0.00679538
0.998184 6500 0.00672619
0.998797 6600 0.00665179
0.999326 6700 0.00657308
0.998933 6800 0.00648758
0.999874 6900 0.00646164
0.99948 7000 0.0063808
1.00037 7100 0.00635247
1.00031 7200 0.0062639
1.00111 7300 0.00622974
1.00073 7400 0.00615692
1.00019 7500 0.00609855
1.0013 7600 0.00611941
1.00107 7700 0.00604379
1.00196 7800 0.00603217
1.00292 7900 0.00603241
1.00284 8000 0.00595704
1.00316 8100 0.00589153
1.0044 8200 0.00595073
1.00444 8300 0.00587871
1.00386 8400 0.00583659
1.00401 8500 0.00576945
1.00337 8600 0.00573817
1.00274 8700 0.00570626
1.00108 8800 0.00588183
1.00022 8900 0.0058783
1.00057 9000 0.00582331
0.999581 9100 0.00584383
0.998971 9200 0.00581208
0.997738 9300 0.00587994
0.997277 9400 0.00583534
0.997181 9500 0.00577439
0.997647 9600 0.00573289
0.997426 9700 0.00567777
0.997121 9800 0.00562779
0.996784 9900 0.00558083
0.996256 10000 0.00554995
