1.01161 100 0
0.997845 200 0.0137683
0.997696 300 0.00795054
0.993646 400 0.00692891
0.997642 500 0.00669129
0.99637 600 0.00560949
0.998425 700 0.00516712
0.99774 800 0.00452703
0.996744 900 0.00411462
0.996246 1000 0.00371384
0.998296 1100 0.00393529
0.999405 1200 0.00375964
0.999834 1300 0.00348492
0.999951 1400 0.00322853
0.99976 1500 0.00301167
0.998787 1600 0.00298027
0.998784 1700 0.00279948
0.99818 1800 0.00270761
0.998391 1900 0.00256979
0.999311 2000 0.00260569
0.998327 2100 0.00266665
0.999153 2200 0.00267337
0.999957 2300 0.00267809
0.99991 2400 0.00256452
0.999643 2500 0.00247415
0.99932 2600 0.002399
0.999132 2700 0.00231608
0.998952 2800 0.00223911
0.998951 2900 0.00216052
0.999569 3000 0.00217686
1.00006 3100 0.00216146
0.999976 3200 0.00209441
0.999619 3300 0.00206112
0.999471 3400 0.00200509
0.999163 3500 0.00197115
0.998794 3600 0.00195081
0.998975 3700 0.00190595
0.998975 3800 0.00185511
0.999524 3900 0.00188823
0.999499 4000 0.00184059
0.999641 4100 0.00180074
0.999477 4200 0.00176499
0.999688 4300 0.00173633
0.999506 4400 0.00170615
0.99903 4500 0.00173446
0.998722 4600 0.00172397
0.998611 4700 0.00169057
0.99847 4800 0.00166097
0.998848 4900 0.00167013
0.999243 5000 0.00168344
0.999095 5100 0.00165676
0.999291 5200 0.00163637
0.999412 5300 0.00160972
0.998876 5400 0.00166807
0.999144 5500 0.00165922
0.999118 5600 0.00162952
0.999493 5700 0.00164399
0.999679 5800 0.00162603
0.999591 5900 0.00160065
0.999618 6000 0.00157399
0.999917 6100 0.00157652
1.00014 6200 0.001567
1.00005 6300 0.00154453
0.99957 6400 0.00159477
0.999583 6500 0.0015701
0.999322 6600 0.00156797
0.99968 6700 0.00158534
1.00011 6800 0.00161874
1.00021 6900 0.00159844
1.00025 7000 0.00157606
0.99997 7100 0.00157923
0.999928 7200 0.00155769
0.999712 7300 0.00155136
0.999484 7400 0.00154709
0.999011 7500 0.0015981
0.998919 7600 0.0015796
0.998897 7700 0.00155911
0.998865 7800 0.00153932
0.998978 7900 0.00152392
0.99913 8000 0.0015124
0.999137 8100 0.00149363
0.99918 8200 0.00147592
0.999366 8300 0.00146982
0.999307 8400 0.00145341
0.999422 8500 0.00144079
0.999332 8600 0.00142674
0.999144 8700 0.00142274
0.999565 8800 0.00146799
0.999618 8900 0.00145239
0.999409 9000 0.00145127
0.999444 9100 0.00143564
0.9995 9200 0.00142107
0.999427 9300 0.00140759
0.999414 9400 0.0013926
0.999411 9500 0.00137786
0.999461 9600 0.00136437
0.99967 9700 0.00136633
0.999791 9800 0.00135766
0.999902 9900 0.0013485
0.999882 10000 0.00133511
