# DISTANCE:     AVE_GOFR:        ERROR:
#blocco numero 1
   0.0128248           0           0           0
   0.0384745           0           0           0
   0.0641241           0           0           0
   0.0897737           0           0           0
    0.115423           0           0           0
    0.141073           0           0           0
    0.166723           0           0           0
    0.192372           0           0           0
    0.218022           0           0           0
    0.243672           0           0           0
    0.269321           0           0           0
    0.294971           0           0           0
     0.32062           0           0           0
     0.34627           0           0           0
     0.37192           0           0           0
    0.397569           0           0           0
    0.423219           0           0           0
    0.448869           0           0           0
    0.474518           0           0           0
    0.500168           0           0           0
    0.525818           0           0           0
    0.551467           0           0           0
    0.577117           0           0           0
    0.602767           0           0           0
    0.628416           0           0           0
    0.654066           0           0           0
    0.679715           0           0           0
    0.705365           0           0           0
    0.731015           0           0           0
    0.756664           0           0           0
    0.782314           0           0           0
    0.807964           0           0           0
    0.833613           0           0           0
    0.859263           0           0           0
    0.884913           0           0           0
    0.910562   0.0189922   0.0189922           0
    0.936212    0.171105    0.171105           0
    0.961861    0.595091    0.595091           0
    0.987511      1.2065      1.2065           0
     1.01316     1.82335     1.82335           0
     1.03881     2.33153     2.33153           0
     1.06446     2.48859     2.48859           0
     1.09011     2.50655     2.50655           0
     1.11576     2.33809     2.33809           0
     1.14141      2.1426      2.1426           0
     1.16706     1.89885     1.89885           0
     1.19271     1.71914     1.71914           0
     1.21836     1.46635     1.46635           0
     1.24401     1.32972     1.32972           0
     1.26966     1.19065     1.19065           0
     1.29531     1.10216     1.10216           0
     1.32096     1.00847     1.00847           0
     1.34661    0.925285    0.925285           0
     1.37226    0.834884    0.834884           0
     1.39791    0.833254    0.833254           0
     1.42355    0.785017    0.785017           0
      1.4492    0.706429    0.706429           0
     1.47485    0.674655    0.674655           0
      1.5005    0.659396    0.659396           0
     1.52615    0.661554    0.661554           0
      1.5518    0.623995    0.623995           0
     1.57745    0.642109    0.642109           0
      1.6031    0.663636    0.663636           0
     1.62875    0.698491    0.698491           0
      1.6544     0.71163     0.71163           0
     1.68005    0.744721    0.744721           0
      1.7057    0.773405    0.773405           0
     1.73135    0.787593    0.787593           0
       1.757    0.805065    0.805065           0
     1.78265    0.859574    0.859574           0
      1.8083    0.854944    0.854944           0
     1.83395     0.93576     0.93576           0
      1.8596     1.00186     1.00186           0
     1.88525     1.00639     1.00639           0
      1.9109     1.08048     1.08048           0
     1.93655     1.09192     1.09192           0
      1.9622     1.10324     1.10324           0
     1.98785      1.1269      1.1269           0
      2.0135     1.11538     1.11538           0
     2.03915      1.1361      1.1361           0
      2.0648     1.18315     1.18315           0
     2.09045     1.19893     1.19893           0
      2.1161     1.19369     1.19369           0
     2.14174     1.19327     1.19327           0
     2.16739     1.18069     1.18069           0
     2.19304     1.15215     1.15215           0
     2.21869     1.12776     1.12776           0
     2.24434     1.06582     1.06582           0
     2.26999     1.03925     1.03925           0
     2.29564     1.00093     1.00093           0
     2.32129    0.975475    0.975475           0
     2.34694    0.974813    0.974813           0
     2.37259    0.979172    0.979172           0
     2.39824    0.956195    0.956195           0
     2.42389    0.947577    0.947577           0
     2.44954    0.913654    0.913654           0
     2.47519    0.905024    0.905024           0
     2.50084    0.907141    0.907141           0
     2.52649    0.896153    0.896153           0
     2.55214    0.886463    0.886463           0
#blocco numero 2
   0.0128248           0           0           0
   0.0384745           0           0           0
   0.0641241           0           0           0
   0.0897737           0           0           0
    0.115423           0           0           0
    0.141073           0           0           0
    0.166723           0           0           0
    0.192372           0           0           0
    0.218022           0           0           0
    0.243672           0           0           0
    0.269321           0           0           0
    0.294971           0           0           0
     0.32062           0           0           0
     0.34627           0           0           0
     0.37192           0           0           0
    0.397569           0           0           0
    0.423219           0           0           0
    0.448869           0           0           0
    0.474518           0           0           0
    0.500168           0           0           0
    0.525818           0           0           0
    0.551467           0           0           0
    0.577117           0           0           0
    0.602767           0           0           0
    0.628416           0           0           0
    0.654066           0           0           0
    0.679715           0           0           0
    0.705365           0           0           0
    0.731015           0           0           0
    0.756664           0           0           0
    0.782314           0           0           0
    0.807964           0           0           0
    0.833613           0           0           0
    0.859263           0           0           0
    0.884913  0.00151477 0.000757384 0.000535551
    0.910562   0.0333522   0.0261722  0.00507702
    0.936212    0.154919    0.163012  0.00572247
    0.961861    0.565988    0.580539   0.0102893
    0.987511     1.20719     1.20685 0.000241039
     1.01316     1.78801     1.80568   0.0124941
     1.03881     2.18341     2.25747   0.0523665
     1.06446     2.51594     2.50226  0.00966987
     1.09011     2.56511     2.53583   0.0207049
     1.11576     2.41356     2.37583   0.0266816
     1.14141     2.17788     2.16024   0.0124734
     1.16706     1.92717     1.91301   0.0100128
     1.19271     1.75259     1.73587   0.0118275
     1.21836     1.55367     1.51001   0.0308706
     1.24401     1.39411     1.36192   0.0227681
     1.26966     1.19829     1.19447  0.00270148
     1.29531     1.08162     1.09189    0.007263
     1.32096     0.95861    0.983538   0.0176264
     1.34661     0.89309    0.909188   0.0113827
     1.37226    0.811825    0.823354  0.00815264
     1.39791    0.790042    0.811648   0.0152776
     1.42355    0.751254    0.768136   0.0119372
      1.4492    0.678863    0.692646   0.0097462
     1.47485    0.682881    0.678768  0.00290823
      1.5005    0.653939    0.656668  0.00192909
     1.52615    0.675577    0.668565  0.00495812
      1.5518    0.672809    0.648402   0.0172584
     1.57745    0.670989    0.656549   0.0102105
      1.6031    0.652456    0.658046  0.00395265
     1.62875     0.67885    0.688671  0.00694411
      1.6544    0.683895    0.697763  0.00980583
     1.68005    0.711091    0.727906   0.0118898
      1.7057    0.755897    0.764651  0.00619003
     1.73135    0.765037    0.776315  0.00797485
       1.757    0.798462    0.801763  0.00233456
     1.78265    0.845539    0.852557  0.00496198
      1.8083    0.910151    0.882548   0.0195186
     1.83395    0.953638    0.944699  0.00632053
      1.8596     1.01112     1.00649  0.00327343
     1.88525     1.02226     1.01433  0.00560997
      1.9109     1.06599     1.07323  0.00512518
     1.93655     1.07823     1.08508  0.00484086
      1.9622     1.11335     1.10829  0.00357683
     1.98785     1.18052     1.15371   0.0189573
      2.0135     1.19723     1.15631   0.0289403
     2.03915      1.2055      1.1708   0.0245369
      2.0648     1.17541     1.17928  0.00273524
     2.09045     1.15694     1.17794   0.0148456
      2.1161     1.15497     1.17433   0.0136889
     2.14174     1.15643     1.17485   0.0130258
     2.16739     1.14215     1.16142   0.0136265
     2.19304     1.12501     1.13858  0.00959616
     2.21869     1.09297     1.11037    0.012301
     2.24434     1.08028     1.07305  0.00511323
     2.26999     1.05662     1.04794  0.00614152
     2.29564     1.04475     1.02284   0.0154922
     2.32129     0.99818    0.986827  0.00802767
     2.34694    0.968242    0.971527  0.00232317
     2.37259    0.943941    0.961557   0.0124562
     2.39824    0.920029    0.938112   0.0127866
     2.42389    0.906302    0.926939   0.0145928
     2.44954      0.8943    0.903977  0.00684263
     2.47519    0.894988    0.900006  0.00354802
     2.50084    0.892473    0.899807  0.00518585
     2.52649     0.87517    0.885661  0.00741864
     2.55214     0.87338    0.879921  0.00462543
#blocco numero 3
   0.0128248           0           0           0
   0.0384745           0           0           0
   0.0641241           0           0           0
   0.0897737           0           0           0
    0.115423           0           0           0
    0.141073           0           0           0
    0.166723           0           0           0
    0.192372           0           0           0
    0.218022           0           0           0
    0.243672           0           0           0
    0.269321           0           0           0
    0.294971           0           0           0
     0.32062           0           0           0
     0.34627           0           0           0
     0.37192           0           0           0
    0.397569           0           0           0
    0.423219           0           0           0
    0.448869           0           0           0
    0.474518           0           0           0
    0.500168           0           0           0
    0.525818           0           0           0
    0.551467           0           0           0
    0.577117           0           0           0
    0.602767           0           0           0
    0.628416           0           0           0
    0.654066           0           0           0
    0.679715           0           0           0
    0.705365           0           0           0
    0.731015           0           0           0
    0.756664           0           0           0
    0.782314           0           0           0
    0.807964           0           0           0
    0.833613           0           0           0
    0.859263           0           0           0
    0.884913  0.00200484   0.0011732  0.00049269
    0.910562   0.0146969   0.0223471  0.00460548
    0.936212    0.147704    0.157909   0.0056492
    0.961861    0.532992     0.56469   0.0146462
    0.987511      1.2365     1.21673  0.00807312
     1.01316     1.90177     1.83771   0.0274467
     1.03881     2.40831     2.30775   0.0538907
     1.06446     2.56213     2.52222   0.0175229
     1.09011     2.53816     2.53661   0.0138178
     1.11576     2.41463     2.38876   0.0206868
     1.14141     2.11678     2.14575   0.0144588
     1.16706     1.88154     1.90252   0.0108585
     1.19271     1.67625     1.71599   0.0180404
     1.21836      1.4773     1.49911   0.0224238
     1.24401     1.29801     1.34061   0.0230855
     1.26966     1.17349     1.18748  0.00598727
     1.29531     1.03615     1.07331   0.0159252
     1.32096    0.956955    0.974677   0.0137996
     1.34661    0.906302    0.908226  0.00762899
     1.37226    0.835988    0.827565  0.00643145
     1.39791     0.77781    0.800369   0.0137315
     1.42355    0.721563    0.752612   0.0149666
      1.4492    0.701793    0.695695  0.00695805
     1.47485     0.66724    0.674925  0.00368809
      1.5005    0.652732    0.655356  0.00167367
     1.52615    0.667208    0.668113  0.00332598
      1.5518    0.663525    0.653443   0.0122196
     1.57745     0.66839    0.660496  0.00753138
      1.6031    0.702428     0.67284   0.0123634
     1.62875    0.694214    0.690518  0.00486903
      1.6544    0.712095     0.70254  0.00761261
     1.68005    0.736025    0.730612  0.00822878
      1.7057    0.789576     0.77296  0.00794022
     1.73135    0.849998    0.800876   0.0207467
       1.757    0.867657    0.823728   0.0180014
     1.78265    0.846007    0.850374  0.00375769
      1.8083    0.914634    0.893243   0.0156711
     1.83395     0.91623    0.935209  0.00881984
      1.8596    0.947057     0.98668   0.0163223
     1.88525     1.02549     1.01805  0.00481851
      1.9109     1.06453     1.07033   0.0041576
     1.93655     1.09458     1.08824  0.00413546
      1.9622     1.11827     1.11162  0.00361319
     1.98785     1.14705     1.15149   0.0127675
      2.0135     1.15003     1.15421   0.0193691
     2.03915     1.17071     1.17077    0.016358
      2.0648     1.16619     1.17492  0.00400309
     2.09045     1.20858     1.18815    0.012943
      2.1161      1.1993     1.18266   0.0113781
     2.14174     1.17246     1.17405  0.00870812
     2.16739      1.1095     1.14411    0.016799
     2.19304      1.1024     1.12652   0.0117414
     2.21869      1.0848     1.10184   0.0107549
     2.24434     1.07139      1.0725  0.00343875
     2.26999     1.00914     1.03501   0.0113251
     2.29564    0.998613     1.01476   0.0122535
     2.32129    0.980391    0.984682  0.00563115
     2.34694     0.96111    0.968055   0.0032307
     2.37259    0.966848     0.96332  0.00842807
     2.39824     0.93583    0.937351    0.008547
     2.42389     0.91524     0.92304   0.0102364
     2.44954    0.925729    0.911228  0.00747389
     2.47519    0.912774    0.904262  0.00420352
     2.50084    0.882295     0.89397  0.00588805
     2.52649     0.88403    0.885117  0.00496566
     2.55214    0.901308     0.88705  0.00658713
#blocco numero 4
   0.0128248           0           0           0
   0.0384745           0           0           0
   0.0641241           0           0           0
   0.0897737           0           0           0
    0.115423           0           0           0
    0.141073           0           0           0
    0.166723           0           0           0
    0.192372           0           0           0
    0.218022           0           0           0
    0.243672           0           0           0
    0.269321           0           0           0
    0.294971           0           0           0
     0.32062           0           0           0
     0.34627           0           0           0
     0.37192           0           0           0
    0.397569           0           0           0
    0.423219           0           0           0
    0.448869           0           0           0
    0.474518           0           0           0
    0.500168           0           0           0
    0.525818           0           0           0
    0.551467           0           0           0
    0.577117           0           0           0
    0.602767           0           0           0
    0.628416           0           0           0
    0.654066           0           0           0
    0.679715           0           0           0
    0.705365           0           0           0
    0.731015           0           0           0
    0.756664           0           0           0
    0.782314           0           0           0
    0.807964           0           0           0
    0.833613           0           0           0
    0.859263 0.000283266 7.08165e-05 6.13289e-05
    0.884913  0.00164842  0.00129201 0.000383574
    0.910562   0.0330996   0.0250352  0.00416537
    0.936212    0.174414    0.162035  0.00554257
    0.961861    0.549282    0.560838     0.01148
    0.987511     1.25408     1.22607   0.0101027
     1.01316     1.87875     1.84797   0.0224204
     1.03881     2.25481     2.29451    0.042012
     1.06446     2.46545     2.50803   0.0179947
     1.09011     2.49152     2.52533   0.0142362
     1.11576     2.36163     2.38198   0.0165897
     1.14141     2.17335     2.15265   0.0123814
     1.16706      1.9404     1.91199    0.011558
     1.19271      1.7963     1.73607   0.0220311
     1.21836     1.52659     1.50598   0.0178396
     1.24401     1.33951     1.34034   0.0173158
     1.26966      1.2062     1.19216  0.00604856
     1.29531     1.10084     1.08019   0.0133486
     1.32096    0.981984    0.976504   0.0104699
     1.34661    0.914035    0.909678  0.00585836
     1.37226    0.850026     0.83318  0.00684935
     1.39791    0.794661    0.798942   0.0103725
     1.42355    0.720223    0.744514   0.0132353
      1.4492    0.698618    0.696426  0.00525677
     1.47485    0.668928    0.673426  0.00305569
      1.5005    0.665981    0.658012   0.0026206
     1.52615    0.663206    0.666886   0.0027113
      1.5518    0.643283    0.650903    0.009425
     1.57745    0.636983    0.654618  0.00760397
      1.6031    0.644989    0.665877   0.0110607
     1.62875    0.647337    0.679723    0.010037
      1.6544    0.673561    0.695295  0.00848316
     1.68005    0.708886    0.725181  0.00775983
      1.7057    0.750779    0.767414  0.00765024
     1.73135     0.79045     0.79827   0.0157229
       1.757    0.838883    0.827517    0.013894
     1.78265    0.888835    0.859989  0.00879113
      1.8083    0.913356    0.898271    0.012534
     1.83395    0.951943    0.939393  0.00754198
      1.8596    0.989705    0.987436   0.0122593
     1.88525     1.01755     1.01792  0.00361551
      1.9109      1.0428     1.06345  0.00672627
     1.93655     1.07289     1.08441  0.00454615
      1.9622     1.11959     1.11361  0.00321322
     1.98785     1.13367     1.14703   0.0103241
      2.0135     1.17747     1.16003   0.0153747
     2.03915     1.19496     1.17682   0.0133397
      2.0648     1.18875     1.17838  0.00424171
     2.09045     1.21912     1.19589   0.0117975
      2.1161     1.20352     1.18787  0.00965505
     2.14174     1.17916     1.17533  0.00662405
     2.16739     1.16521     1.14938   0.0134018
     2.19304      1.1664     1.13649   0.0123327
     2.21869     1.13297     1.10963   0.0105106
     2.24434     1.06431     1.07045   0.0031292
     2.26999     1.04937      1.0386  0.00904513
     2.29564     1.00675     1.01276  0.00935238
     2.32129     0.97067    0.981179  0.00520004
     2.34694    0.953649    0.964453  0.00394953
     2.37259    0.922599     0.95314   0.0108483
     2.39824    0.904778    0.929208  0.00953025
     2.42389    0.897472    0.916648  0.00946475
     2.44954    0.894377    0.907015  0.00668811
     2.47519    0.886624    0.899852  0.00495199
     2.50084    0.891115    0.893256  0.00445908
     2.52649    0.882498    0.884463  0.00376717
     2.55214    0.881807     0.88574   0.0050691
#blocco numero 5
   0.0128248           0           0           0
   0.0384745           0           0           0
   0.0641241           0           0           0
   0.0897737           0           0           0
    0.115423           0           0           0
    0.141073           0           0           0
    0.166723           0           0           0
    0.192372           0           0           0
    0.218022           0           0           0
    0.243672           0           0           0
    0.269321           0           0           0
    0.294971           0           0           0
     0.32062           0           0           0
     0.34627           0           0           0
     0.37192           0           0           0
    0.397569           0           0           0
    0.423219           0           0           0
    0.448869           0           0           0
    0.474518           0           0           0
    0.500168           0           0           0
    0.525818           0           0           0
    0.551467           0           0           0
    0.577117           0           0           0
    0.602767           0           0           0
    0.628416           0           0           0
    0.654066           0           0           0
    0.679715           0           0           0
    0.705365           0           0           0
    0.731015           0           0           0
    0.756664           0           0           0
    0.782314           0           0           0
    0.807964           0           0           0
    0.833613           0           0           0
    0.859263           0 5.66532e-05 5.06722e-05
    0.884913  0.00155932  0.00134547 0.000310563
    0.910562   0.0326784   0.0265639  0.00360189
    0.936212    0.169829    0.163594  0.00464808
    0.961861    0.531632    0.554997   0.0105661
    0.987511      1.2468     1.23022  0.00889237
     1.01316     1.81458     1.84129   0.0189045
     1.03881     2.17351     2.27031   0.0399769
     1.06446     2.42609     2.49164   0.0205443
     1.09011     2.41829     2.50393   0.0222796
     1.11576     2.24941     2.35547   0.0271767
     1.14141     2.10473     2.14307   0.0130995
     1.16706     1.93096     1.91578  0.00984947
     1.19271     1.72514     1.73388   0.0177329
     1.21836     1.55817     1.51642   0.0170543
     1.24401     1.47126     1.36652   0.0272109
     1.26966     1.31531     1.21679   0.0225549
     1.29531     1.17227      1.0986   0.0196299
     1.32096     1.06242    0.993687    0.017503
     1.34661    0.980816    0.923906    0.013561
     1.37226     0.89766    0.846076   0.0127698
     1.39791    0.810809    0.801315  0.00856525
     1.42355    0.713383    0.738288   0.0119634
      1.4492    0.705203    0.698181  0.00448896
     1.47485    0.664012    0.671543  0.00296848
      1.5005     0.66758    0.659926  0.00270643
     1.52615    0.651654     0.66384   0.0034828
      1.5518    0.639704    0.648663  0.00780159
     1.57745    0.648697    0.653434  0.00617469
      1.6031     0.64514     0.66173  0.00959468
     1.62875    0.654665    0.674711  0.00919598
      1.6544    0.698389    0.695914  0.00680906
     1.68005    0.716479     0.72344  0.00640005
      1.7057    0.743362    0.762604  0.00748125
     1.73135    0.766253    0.791866   0.0138209
       1.757    0.790311    0.820076   0.0129555
     1.78265    0.842086    0.856408  0.00772772
      1.8083    0.879143    0.894446    0.010595
     1.83395    0.935297    0.938574   0.0060779
      1.8596    0.927454     0.97544   0.0145367
     1.88525    0.988802      1.0121  0.00595844
      1.9109     1.02193     1.05515  0.00917121
     1.93655     1.08506     1.08454  0.00363882
      1.9622     1.09027     1.10894  0.00490418
     1.98785     1.13346     1.14432  0.00860889
      2.0135     1.15157     1.15834   0.0123925
     2.03915     1.20712     1.18288   0.0119697
      2.0648     1.19851      1.1824   0.0049489
     2.09045      1.2203     1.20078   0.0103986
      2.1161     1.19912     1.19012  0.00798182
     2.14174     1.20677     1.18162  0.00772711
     2.16739     1.20777     1.16106   0.0149676
     2.19304     1.17964     1.14512   0.0125267
     2.21869     1.11939     1.11158  0.00858805
     2.24434     1.11607     1.07957  0.00853632
     2.26999     1.08142     1.04716   0.0105381
     2.29564     1.05246      1.0207   0.0103161
     2.32129    0.990159    0.982975  0.00445942
     2.34694    0.987864    0.969135   0.0052461
     2.37259    0.945657    0.951643  0.00878127
     2.39824     0.96753    0.936873   0.0102529
     2.42389    0.931085    0.919535  0.00800012
     2.44954    0.911812    0.907975  0.00541886
     2.47519    0.879785    0.895839  0.00534613
     2.50084    0.856511    0.885907  0.00747871
     2.52649    0.867412    0.881053   0.0042878
     2.55214    0.841986    0.876989  0.00881506
#blocco numero 6
   0.0128248           0           0           0
   0.0384745           0           0           0
   0.0641241           0           0           0
   0.0897737           0           0           0
    0.115423           0           0           0
    0.141073           0           0           0
    0.166723           0           0           0
    0.192372           0           0           0
    0.218022           0           0           0
    0.243672           0           0           0
    0.269321           0           0           0
    0.294971           0           0           0
     0.32062           0           0           0
     0.34627           0           0           0
     0.37192           0           0           0
    0.397569           0           0           0
    0.423219           0           0           0
    0.448869           0           0           0
    0.474518           0           0           0
    0.500168           0           0           0
    0.525818           0           0           0
    0.551467           0           0           0
    0.577117           0           0           0
    0.602767           0           0           0
    0.628416           0           0           0
    0.654066           0           0           0
    0.679715           0           0           0
    0.705365           0           0           0
    0.731015           0           0           0
    0.756664           0           0           0
    0.782314           0           0           0
    0.807964           0           0           0
    0.833613           0           0           0
    0.859263           0  4.7211e-05 4.30976e-05
    0.884913  0.00089104  0.00126973 0.000267878
    0.910562   0.0217295   0.0257581  0.00309038
    0.936212    0.175969    0.165657  0.00430671
    0.961861    0.573509    0.558082  0.00924462
    0.987511     1.18663     1.22295  0.00994463
     1.01316     1.84887     1.84256   0.0157958
     1.03881     2.26328     2.26914   0.0333313
     1.06446     2.49691     2.49252    0.017139
     1.09011     2.47145     2.49851   0.0192125
     1.11576     2.31064     2.34799    0.023652
     1.14141     2.12168      2.1395   0.0113907
     1.16706     1.89805     1.91283  0.00864005
     1.19271      1.7438     1.73554   0.0148542
     1.21836     1.54434     1.52107   0.0148331
     1.24401      1.3191     1.35862    0.023796
     1.26966     1.24674     1.22178   0.0193402
     1.29531     1.09916      1.0987   0.0163584
     1.32096    0.978754    0.991198   0.0147617
     1.34661    0.938303    0.926305   0.0115112
     1.37226    0.859103    0.848247   0.0108245
     1.39791    0.795473    0.800342  0.00719284
     1.42355    0.756388    0.741305   0.0103428
      1.4492     0.74169    0.705433  0.00760344
     1.47485    0.711565    0.678213  0.00657247
      1.5005    0.661654    0.660214  0.00227063
     1.52615    0.673743     0.66549  0.00327012
      1.5518    0.688533    0.655308  0.00889178
     1.57745    0.675163    0.657055  0.00611609
      1.6031    0.690107    0.666459  0.00908677
     1.62875    0.689657    0.677202  0.00799355
      1.6544    0.680704    0.693379  0.00612795
     1.68005    0.706418    0.720603  0.00592896
      1.7057    0.752651    0.760945  0.00641564
     1.73135    0.778458    0.789631   0.0116967
       1.757    0.799012    0.816565   0.0112618
     1.78265    0.849761    0.855301  0.00651871
      1.8083    0.877681    0.891652  0.00919023
     1.83395    0.903933      0.9328   0.0073096
      1.8596     0.94208     0.96988   0.0131342
     1.88525    0.993815     1.00905  0.00569147
      1.9109     1.02665      1.0504  0.00878689
     1.93655      1.0729      1.0826   0.0035113
      1.9622     1.10379     1.10808   0.0041614
     1.98785     1.15777     1.14656  0.00746026
      2.0135     1.21849     1.16836   0.0137994
     2.03915     1.23529     1.19161   0.0127704
      2.0648     1.21261     1.18744  0.00617531
     2.09045     1.21425     1.20302  0.00890466
      2.1161     1.17956     1.18836   0.0068429
     2.14174     1.16849     1.17943  0.00674207
     2.16739     1.13693     1.15704    0.013002
     2.19304     1.11882     1.14074   0.0111793
     2.21869     1.08542     1.10722  0.00818887
     2.24434     1.05561     1.07558  0.00799327
     2.26999     1.04206     1.04631  0.00881601
     2.29564     1.02623     1.02162  0.00863782
     2.32129    0.987015    0.983648  0.00376668
     2.34694    0.971253    0.969488  0.00438361
     2.37259    0.961377    0.953266  0.00746606
     2.39824    0.941358     0.93762   0.0085713
     2.42389    0.922177    0.919976  0.00667887
     2.44954      0.9188    0.909779  0.00480673
     2.47519    0.915135    0.899055  0.00533541
     2.50084    0.906698    0.889372  0.00698905
     2.52649     0.91404     0.88655  0.00616086
     2.55214    0.900217     0.88086  0.00815177
#blocco numero 7
   0.0128248           0           0           0
   0.0384745           0           0           0
   0.0641241           0           0           0
   0.0897737           0           0           0
    0.115423           0           0           0
    0.141073           0           0           0
    0.166723           0           0           0
    0.192372           0           0           0
    0.218022           0           0           0
    0.243672           0           0           0
    0.269321           0           0           0
    0.294971           0           0           0
     0.32062           0           0           0
     0.34627           0           0           0
     0.37192           0           0           0
    0.397569           0           0           0
    0.423219           0           0           0
    0.448869           0           0           0
    0.474518           0           0           0
    0.500168           0           0           0
    0.525818           0           0           0
    0.551467           0           0           0
    0.577117           0           0           0
    0.602767           0           0           0
    0.628416           0           0           0
    0.654066           0           0           0
    0.679715           0           0           0
    0.705365           0           0           0
    0.731015           0           0           0
    0.756664           0           0           0
    0.782314           0           0           0
    0.807964           0           0           0
    0.833613           0           0           0
    0.859263           0 4.04666e-05 3.74648e-05
    0.884913 0.000534624  0.00116472 0.000249346
    0.910562   0.0127176   0.0238952  0.00316091
    0.936212    0.168115    0.166008  0.00370576
    0.961861    0.549207    0.556814  0.00801044
    0.987511     1.22897     1.22381  0.00856103
     1.01316     1.85821     1.84479   0.0136967
     1.03881     2.22948     2.26348   0.0290472
     1.06446     2.46077     2.48798   0.0152788
     1.09011     2.41029     2.48591   0.0201827
     1.11576     2.34565     2.34766   0.0202755
     1.14141     2.19936     2.14805   0.0125697
     1.16706     1.95959     1.91951  0.00964868
     1.19271     1.73429     1.73536   0.0127332
     1.21836     1.56758     1.52771   0.0141237
     1.24401     1.38136     1.36187   0.0206171
     1.26966      1.2611      1.2274   0.0173739
     1.29531     1.09282     1.09786    0.014043
     1.32096    0.994538    0.991675   0.0126606
     1.34661    0.908323    0.923736   0.0101493
     1.37226    0.853095     0.84894  0.00930028
     1.39791    0.750836    0.793269  0.00899343
     1.42355     0.75926     0.74387  0.00917784
      1.4492    0.673571    0.700881  0.00776092
     1.47485    0.655088     0.67491  0.00641025
      1.5005    0.638794    0.657154  0.00343714
     1.52615    0.645316    0.662608  0.00386986
      1.5518    0.649664    0.654502    0.007658
     1.57745    0.658366    0.657243  0.00524523
      1.6031    0.689763    0.669788  0.00837633
     1.62875    0.699637    0.680407  0.00746652
      1.6544    0.740631    0.700129  0.00816371
     1.68005    0.715151    0.719824  0.00513288
      1.7057    0.742098    0.758253  0.00603773
     1.73135    0.748489    0.783754   0.0114072
       1.757    0.814247    0.816234  0.00965786
     1.78265    0.829489    0.851613  0.00654784
      1.8083    0.900234    0.892878   0.0079587
     1.83395    0.942362    0.934166  0.00639172
      1.8596    0.989428    0.972672    0.011551
     1.88525       1.034     1.01262  0.00588971
      1.9109     1.06266     1.05215  0.00770418
     1.93655     1.11629     1.08741  0.00537756
      1.9622     1.11597     1.10921  0.00371616
     1.98785     1.14215     1.14593  0.00642105
      2.0135     1.16127     1.16735   0.0118652
     2.03915     1.19016      1.1914   0.0109477
      2.0648     1.17577     1.18577  0.00551352
     2.09045     1.18271     1.20012  0.00809165
      2.1161     1.19307     1.18903  0.00589827
     2.14174     1.15757     1.17631  0.00646208
     2.16739     1.13656     1.15411   0.0114692
     2.19304     1.13465     1.13987  0.00961601
     2.21869      1.1146     1.10827  0.00708665
     2.24434     1.08648     1.07714   0.0070013
     2.26999     1.07718     1.05072  0.00858885
     2.29564     1.05434      1.0263  0.00857541
     2.32129     1.01128    0.987595  0.00487607
     2.34694    0.966888    0.969117  0.00377309
     2.37259    0.952813    0.953201  0.00639976
     2.39824    0.927769    0.936213  0.00746147
     2.42389    0.907941    0.918256  0.00594191
     2.44954    0.878115    0.905255  0.00587482
     2.47519    0.866112    0.894349  0.00631645
     2.50084    0.859631    0.885124   0.0071666
     2.52649    0.871054    0.884337  0.00566451
     2.55214    0.902433    0.883942  0.00754732
#blocco numero 8
   0.0128248           0           0           0
   0.0384745           0           0           0
   0.0641241           0           0           0
   0.0897737           0           0           0
    0.115423           0           0           0
    0.141073           0           0           0
    0.166723           0           0           0
    0.192372           0           0           0
    0.218022           0           0           0
    0.243672           0           0           0
    0.269321           0           0           0
    0.294971           0           0           0
     0.32062           0           0           0
     0.34627           0           0           0
     0.37192           0           0           0
    0.397569           0           0           0
    0.423219           0           0           0
    0.448869           0           0           0
    0.474518           0           0           0
    0.500168           0           0           0
    0.525818           0           0           0
    0.551467           0           0           0
    0.577117           0           0           0
    0.602767           0           0           0
    0.628416           0           0           0
    0.654066           0           0           0
    0.679715           0           0           0
    0.705365           0           0           0
    0.731015           0           0           0
    0.756664           0           0           0
    0.782314           0           0           0
    0.807964           0           0           0
    0.833613           0           0           0
    0.859263           0 3.54083e-05 3.31214e-05
    0.884913 0.000311864  0.00105811 0.000239887
    0.910562   0.0264881   0.0242193  0.00278237
    0.936212    0.176726    0.167348  0.00347631
    0.961861    0.551966    0.556208  0.00703202
    0.987511     1.17188     1.21732   0.0096429
     1.01316     1.81851     1.84151   0.0123724
     1.03881      2.3101      2.2693   0.0259943
     1.06446     2.55171     2.49595    0.015305
     1.09011     2.53875     2.49252   0.0187094
     1.11576     2.34162      2.3469   0.0177551
     1.14141     2.14287      2.1474   0.0110152
     1.16706     1.95471     1.92391  0.00939279
     1.19271     1.70486     1.73155   0.0116984
     1.21836     1.48505     1.52238   0.0133273
     1.24401      1.3654     1.36231   0.0180447
     1.26966      1.2105     1.22529   0.0153301
     1.29531         1.1     1.09813   0.0122902
     1.32096     1.01161    0.994167   0.0113207
     1.34661    0.945706    0.926483  0.00924474
     1.37226    0.834809    0.847174   0.0083038
     1.39791    0.768626    0.790189  0.00838022
     1.42355    0.695109    0.737775   0.0098487
      1.4492    0.710747    0.702114  0.00688808
     1.47485    0.677024    0.675174  0.00561441
      1.5005    0.686505    0.660823  0.00456324
     1.52615    0.678276    0.664567  0.00384993
      1.5518    0.678838    0.657544   0.0072799
     1.57745    0.662384    0.657885  0.00462879
      1.6031    0.655481       0.668  0.00751778
     1.62875     0.68378    0.680829   0.0065451
      1.6544    0.693312    0.699277  0.00718758
     1.68005    0.708159    0.718366  0.00469381
      1.7057    0.750146    0.757239  0.00536737
     1.73135    0.784737    0.783877    0.009982
       1.757    0.802681     0.81454  0.00859794
     1.78265     0.84711     0.85105   0.0057535
      1.8083    0.897018    0.893395  0.00698067
     1.83395    0.957965    0.937141  0.00624678
      1.8596    0.954718    0.970428   0.0103228
     1.88525     1.00638     1.01184  0.00520476
      1.9109     1.04716     1.05153  0.00676633
     1.93655     1.10464     1.08956  0.00511853
      1.9622     1.12958     1.11176  0.00403077
     1.98785     1.19496     1.15206  0.00802723
      2.0135     1.20669     1.17227   0.0113553
     2.03915     1.20749     1.19342  0.00976208
      2.0648     1.18833     1.18609   0.0048336
     2.09045     1.20578     1.20083  0.00711111
      2.1161     1.19829     1.19019  0.00527341
     2.14174     1.15912     1.17416  0.00600081
     2.16739     1.13625     1.15188   0.0102507
     2.19304     1.10831     1.13592  0.00918733
     2.21869     1.07557     1.10419  0.00728508
     2.24434     1.04009     1.07251  0.00750313
     2.26999     1.03952     1.04932  0.00762861
     2.29564     1.03384     1.02724  0.00755514
     2.32129    0.970854    0.985503  0.00469417
     2.34694    0.949238    0.966632  0.00403759
     2.37259    0.962216    0.954328  0.00569814
     2.39824    0.937887    0.936422  0.00653172
     2.42389    0.907941    0.916967  0.00533724
     2.44954    0.905203    0.905249  0.00514047
     2.47519    0.885864    0.893288  0.00561523
     2.50084    0.899009    0.886859  0.00647754
     2.52649    0.890311    0.885083  0.00500543
     2.55214     0.89161      0.8849  0.00666448
#blocco numero 9
   0.0128248           0           0           0
   0.0384745           0           0           0
   0.0641241           0           0           0
   0.0897737           0           0           0
    0.115423           0           0           0
    0.141073           0           0           0
    0.166723           0           0           0
    0.192372           0           0           0
    0.218022           0           0           0
    0.243672           0           0           0
    0.269321           0           0           0
    0.294971           0           0           0
     0.32062           0           0           0
     0.34627           0           0           0
     0.37192           0           0           0
    0.397569           0           0           0
    0.423219           0           0           0
    0.448869           0           0           0
    0.474518           0           0           0
    0.500168           0           0           0
    0.525818           0           0           0
    0.551467           0           0           0
    0.577117           0           0           0
    0.602767           0           0           0
    0.628416           0           0           0
    0.654066           0           0           0
    0.679715           0           0           0
    0.705365           0           0           0
    0.731015           0           0           0
    0.756664           0           0           0
    0.782314           0           0           0
    0.807964           0           0           0
    0.833613           0           0           0
    0.859263           0  3.1474e-05  2.9674e-05
    0.884913  0.00147022   0.0011039  0.00021756
    0.910562   0.0197081   0.0237181  0.00251796
    0.936212    0.191676    0.170051  0.00400543
    0.961861    0.576079    0.558416  0.00658819
    0.987511     1.20841     1.21633  0.00862216
     1.01316     1.90361     1.84841   0.0127781
     1.03881     2.35617     2.27896   0.0248334
     1.06446     2.52371     2.49903   0.0139117
     1.09011     2.39034     2.48116   0.0197775
     1.11576     2.23867     2.33488   0.0194332
     1.14141     2.04657      2.1362   0.0144032
     1.16706     1.86013     1.91682   0.0106932
     1.19271     1.74918     1.73351   0.0105615
     1.21836     1.52432      1.5226   0.0118483
     1.24401     1.35195     1.36116   0.0160765
     1.26966     1.24368     1.22733   0.0137623
     1.29531     1.12197     1.10077   0.0112065
     1.32096     1.02619    0.997725   0.0106072
     1.34661    0.907818    0.924409  0.00844696
     1.37226    0.855884    0.848141  0.00743734
     1.39791    0.789014    0.790058   0.0074501
     1.42355    0.749287    0.739054  0.00883708
      1.4492    0.712158     0.70323  0.00621248
     1.47485    0.683562    0.676106  0.00506736
      1.5005    0.659631     0.66069  0.00405813
     1.52615    0.667648    0.664909  0.00343735
      1.5518     0.67894    0.659921  0.00684823
     1.57745    0.668745    0.659092  0.00426886
      1.6031    0.669535    0.668171  0.00668441
     1.62875    0.663593    0.678914   0.0060916
      1.6544    0.703879    0.699789  0.00640712
     1.68005    0.706205    0.717015  0.00436245
      1.7057    0.755776    0.757077  0.00477346
     1.73135    0.762393     0.78149  0.00915386
       1.757    0.787801    0.811569  0.00813977
     1.78265    0.853581    0.851331   0.0051211
      1.8083    0.905182    0.894705  0.00632669
     1.83395    0.949037    0.938463  0.00569081
      1.8596    0.997581    0.973445  0.00960659
     1.88525      1.0415     1.01513  0.00557299
      1.9109     1.07093     1.05368  0.00634887
     1.93655     1.08203     1.08873  0.00461778
      1.9622     1.14955     1.11596  0.00533951
     1.98785     1.16954       1.154  0.00736653
      2.0135     1.18278     1.17343   0.0101535
     2.03915     1.19986     1.19413  0.00870366
      2.0648     1.21507     1.18931  0.00526062
     2.09045     1.18495     1.19906  0.00653622
      2.1161     1.17289     1.18827  0.00502543
     2.14174     1.14471     1.17089   0.0061619
     2.16739     1.12202     1.14856  0.00963367
     2.19304     1.08624      1.1304  0.00968432
     2.21869     1.09885     1.10359  0.00649967
     2.24434     1.07795     1.07311  0.00669378
     2.26999     1.06331     1.05087   0.0069375
     2.29564     1.01395     1.02576  0.00685849
     2.32129    0.989012    0.985893  0.00418876
     2.34694    0.973259    0.967368  0.00365549
     2.37259    0.951709    0.954037  0.00507243
     2.39824      0.9114    0.933642  0.00637025
     2.42389     0.92508    0.917868  0.00481974
     2.44954    0.893998    0.903999  0.00471886
     2.47519    0.876014    0.891369  0.00530921
     2.50084    0.865366    0.884471  0.00618241
     2.52649    0.873755    0.883825  0.00460481
     2.55214     0.88816    0.885263  0.00593382
#blocco numero 10
   0.0128248           0           0           0
   0.0384745           0           0           0
   0.0641241           0           0           0
   0.0897737           0           0           0
    0.115423           0           0           0
    0.141073           0           0           0
    0.166723           0           0           0
    0.192372           0           0           0
    0.218022           0           0           0
    0.243672           0           0           0
    0.269321           0           0           0
    0.294971           0           0           0
     0.32062           0           0           0
     0.34627           0           0           0
     0.37192           0           0           0
    0.397569           0           0           0
    0.423219           0           0           0
    0.448869           0           0           0
    0.474518           0           0           0
    0.500168           0           0           0
    0.525818           0           0           0
    0.551467           0           0           0
    0.577117           0           0           0
    0.602767           0           0           0
    0.628416           0           0           0
    0.654066           0           0           0
    0.679715           0           0           0
    0.705365           0           0           0
    0.731015           0           0           0
    0.756664           0           0           0
    0.782314           0           0           0
    0.807964           0           0           0
    0.833613           0           0           0
    0.859263           0 2.83266e-05  2.6873e-05
    0.884913  0.00169298  0.00116281 0.000203623
    0.910562   0.0202556   0.0233718  0.00228985
    0.936212    0.161856    0.169231  0.00368776
    0.961861     0.61259    0.563834  0.00784668
    0.987511     1.21569     1.21626  0.00776018
     1.01316     1.85078     1.84864   0.0115025
     1.03881     2.28724     2.27978   0.0223639
     1.06446     2.50217     2.49935   0.0125241
     1.09011     2.47856      2.4809   0.0178014
     1.11576     2.34974     2.33636   0.0175466
     1.14141     2.14411     2.13699   0.0129846
     1.16706     1.90599     1.91574  0.00967853
     1.19271     1.64008     1.72416   0.0129966
     1.21836     1.50265      1.5206   0.0108301
     1.24401     1.39771     1.36481   0.0148784
     1.26966     1.20421     1.22502   0.0125788
     1.29531     1.09232     1.09993   0.0101177
     1.32096     1.02247      1.0002  0.00983093
     1.34661    0.912675    0.923235  0.00768332
     1.37226    0.863801    0.849707  0.00685649
     1.39791    0.796772     0.79073  0.00673527
     1.42355    0.769267    0.742075  0.00845409
      1.4492    0.721632     0.70507  0.00585743
     1.47485    0.664077    0.674903  0.00470124
      1.5005     0.66261    0.660882  0.00365686
     1.52615    0.678897    0.666308  0.00336623
      1.5518    0.678412     0.66177  0.00640818
     1.57745    0.670847    0.660267  0.00400054
      1.6031    0.660803    0.667434  0.00605643
     1.62875    0.656185    0.676641  0.00589124
      1.6544     0.68675    0.698485  0.00589759
     1.68005    0.708422    0.716156  0.00400993
      1.7057     0.74487    0.755856  0.00444946
     1.73135    0.761012    0.779442  0.00846442
       1.757    0.799345    0.810346  0.00741701
     1.78265    0.853982    0.851597  0.00461584
      1.8083    0.898361     0.89507  0.00570458
     1.83395    0.931096    0.937726  0.00516919
      1.8596    0.973676    0.973468  0.00864596
     1.88525     1.01766     1.01538  0.00502141
      1.9109      1.0501     1.05332  0.00572407
     1.93655     1.08386     1.08824  0.00418155
      1.9622     1.10665     1.11503  0.00488596
     1.98785     1.13712     1.15231  0.00682061
      2.0135     1.18591     1.17468  0.00921449
     2.03915     1.21642     1.19636  0.00811356
      2.0648     1.18837     1.18922   0.0047354
     2.09045     1.18265     1.19742  0.00608518
      2.1161     1.15886     1.18533  0.00531396
     2.14174     1.15928     1.16973  0.00565391
     2.16739     1.16638     1.15034  0.00883353
     2.19304     1.16173     1.13354  0.00920859
     2.21869     1.11665      1.1049  0.00597942
     2.24434     1.09424     1.07522  0.00634924
     2.26999     1.06666     1.05245  0.00642075
     2.29564     1.05306     1.02849  0.00669375
     2.32129     1.00336    0.987639  0.00411804
     2.34694     0.95904    0.966535  0.00338349
     2.37259    0.936393    0.952273  0.00486236
     2.39824    0.928998    0.933178  0.00575013
     2.42389    0.928019    0.918883  0.00444336
     2.44954    0.903314     0.90393  0.00424747
     2.47519    0.893538    0.891586  0.00478272
     2.50084     0.87131    0.883155  0.00570254
     2.52649    0.873995    0.882842  0.00424796
     2.55214    0.863703    0.883107   0.0057187
#blocco numero 11
   0.0128248           0           0           0
   0.0384745           0           0           0
   0.0641241           0           0           0
   0.0897737           0           0           0
    0.115423           0           0           0
    0.141073           0           0           0
    0.166723           0           0           0
    0.192372           0           0           0
    0.218022           0           0           0
    0.243672           0           0           0
    0.269321           0           0           0
    0.294971           0           0           0
     0.32062           0           0           0
     0.34627           0           0           0
     0.37192           0           0           0
    0.397569           0           0           0
    0.423219           0           0           0
    0.448869           0           0           0
    0.474518           0           0           0
    0.500168           0           0           0
    0.525818           0           0           0
    0.551467           0           0           0
    0.577117           0           0           0
    0.602767           0           0           0
    0.628416           0           0           0
    0.654066           0           0           0
    0.679715           0           0           0
    0.705365           0           0           0
    0.731015           0           0           0
    0.756664           0           0           0
    0.782314           0           0           0
    0.807964           0           0           0
    0.833613           0           0           0
    0.859263           0 2.57515e-05 2.45531e-05
    0.884913  0.00262857  0.00129606 0.000224517
    0.910562   0.0195397   0.0230235  0.00210801
    0.936212    0.179078    0.170126  0.00345945
    0.961861    0.570864    0.564473  0.00715933
    0.987511     1.21479     1.21613  0.00705586
     1.01316      1.8225     1.84627   0.0106995
     1.03881     2.24721     2.27682   0.0205259
     1.06446     2.52473     2.50165   0.0115961
     1.09011     2.58046     2.48995   0.0183401
     1.11576     2.34314     2.33698   0.0159623
     1.14141     2.15308     2.13845   0.0118863
     1.16706     1.91332     1.91552  0.00880116
     1.19271     1.63832     1.71636   0.0139626
     1.21836     1.47481     1.51644   0.0106154
     1.24401     1.32603     1.36129   0.0139373
     1.26966     1.17277     1.22027   0.0122993
     1.29531     1.08808     1.09885  0.00925509
     1.32096    0.957157    0.996287  0.00968469
     1.34661    0.882035     0.91949  0.00784485
     1.37226    0.838683    0.848705  0.00630599
     1.39791    0.826145    0.793949   0.0068494
     1.42355    0.756145    0.743354  0.00778169
      1.4492    0.738699    0.708128  0.00607056
     1.47485    0.689451    0.676226  0.00445601
      1.5005    0.682538    0.662851  0.00381775
     1.52615    0.698227     0.66921  0.00412548
      1.5518    0.689266     0.66427  0.00629429
     1.57745    0.712221     0.66499  0.00578843
      1.6031    0.723715     0.67255  0.00735614
     1.62875    0.692415    0.678075  0.00552745
      1.6544    0.724832     0.70088  0.00582758
     1.68005    0.752764    0.719484  0.00483302
      1.7057    0.762755    0.756483  0.00408892
     1.73135    0.761461    0.777807  0.00785119
       1.757    0.818214    0.811062  0.00677714
     1.78265    0.823741    0.849064  0.00484127
      1.8083      0.8761    0.893346  0.00544041
     1.83395    0.909134    0.935127  0.00531272
      1.8596    0.936262    0.970086  0.00849583
     1.88525    0.988672     1.01296  0.00511854
      1.9109     1.05148     1.05316  0.00520615
     1.93655     1.06457     1.08609  0.00431991
      1.9622     1.08692     1.11247   0.0050662
     1.98785     1.11939     1.14932  0.00682567
      2.0135     1.15764     1.17313  0.00850612
     2.03915     1.15533     1.19263  0.00818858
      2.0648     1.20381     1.19054  0.00448695
     2.09045     1.22477     1.19991  0.00601847
      2.1161     1.20071     1.18673  0.00501152
     2.14174     1.16744     1.16952  0.00514375
     2.16739     1.15697     1.15095  0.00805097
     2.19304     1.11747     1.13208  0.00848643
     2.21869     1.07577     1.10225  0.00599353
     2.24434     1.08922      1.0765  0.00589824
     2.26999     1.06981     1.05403  0.00602788
     2.29564      1.0228     1.02797  0.00610522
     2.32129    0.991049    0.987949  0.00375532
     2.34694    0.974639    0.967272  0.00315507
     2.37259    0.948219    0.951904  0.00443427
     2.39824    0.937356    0.933557  0.00523992
     2.42389    0.928339    0.919743  0.00412174
     2.44954    0.908697    0.904364  0.00388338
     2.47519    0.911126    0.893362  0.00466618
     2.50084    0.909142    0.885517  0.00565233
     2.52649    0.889197     0.88342  0.00390088
     2.55214    0.907192    0.885296  0.00560234
#blocco numero 12
   0.0128248           0           0           0
   0.0384745           0           0           0
   0.0641241           0           0           0
   0.0897737           0           0           0
    0.115423           0           0           0
    0.141073           0           0           0
    0.166723           0           0           0
    0.192372           0           0           0
    0.218022           0           0           0
    0.243672           0           0           0
    0.269321           0           0           0
    0.294971           0           0           0
     0.32062           0           0           0
     0.34627           0           0           0
     0.37192           0           0           0
    0.397569           0           0           0
    0.423219           0           0           0
    0.448869           0           0           0
    0.474518           0           0           0
    0.500168           0           0           0
    0.525818           0           0           0
    0.551467           0           0           0
    0.577117           0           0           0
    0.602767           0           0           0
    0.628416           0           0           0
    0.654066           0           0           0
    0.679715           0           0           0
    0.705365           0           0           0
    0.731015           0           0           0
    0.756664           0           0           0
    0.782314           0           0           0
    0.807964           0           0           0
    0.833613           0           0           0
    0.859263           0 2.36055e-05 2.26006e-05
    0.884913           0  0.00118805 0.000230325
    0.910562   0.0181921   0.0226208  0.00197042
    0.936212    0.165484    0.169739  0.00319273
    0.961861    0.577818    0.565585  0.00664853
    0.987511     1.24045     1.21816  0.00675263
     1.01316     1.86995     1.84824  0.00998822
     1.03881     2.22887     2.27283   0.0192005
     1.06446     2.46965     2.49899   0.0109321
     1.09011      2.4218     2.48427   0.0176692
     1.11576     2.27134     2.33151   0.0155411
     1.14141     2.11618      2.1366   0.0110397
     1.16706     1.88773      1.9132  0.00836683
     1.19271     1.69886      1.7149   0.0128751
     1.21836     1.53102     1.51765  0.00980016
     1.24401     1.38448     1.36322   0.0129091
     1.26966     1.24399     1.22224    0.011432
     1.29531     1.10388     1.09927  0.00849331
     1.32096     1.01383    0.997749  0.00898735
     1.34661    0.935486    0.920823  0.00730348
     1.37226    0.863689    0.849954  0.00590282
     1.39791    0.804621    0.794839  0.00633608
     1.42355    0.767718    0.745385  0.00739333
      1.4492    0.750391     0.71165  0.00650663
     1.47485    0.737102    0.681299  0.00634631
      1.5005    0.701666    0.666085  0.00467313
     1.52615    0.663221    0.668711  0.00381176
      1.5518    0.649854    0.663069  0.00588329
     1.57745    0.634314    0.662434  0.00584334
      1.6031    0.660363    0.671535  0.00681288
     1.62875    0.683181      0.6785  0.00508318
      1.6544    0.690251    0.699994  0.00540885
     1.68005    0.694214    0.717378  0.00486747
      1.7057    0.715981    0.753108  0.00494885
     1.73135    0.761024    0.776409  0.00732044
       1.757    0.829643     0.81261  0.00638683
     1.78265     0.85494    0.849554  0.00446252
      1.8083    0.878201    0.892084  0.00513135
     1.83395    0.923516    0.934159  0.00495732
      1.8596    0.955845    0.968899   0.0078703
     1.88525    0.993008     1.01129   0.0049546
      1.9109     1.03591     1.05172   0.0049668
     1.93655     1.10104     1.08733  0.00413571
      1.9622     1.10354     1.11173  0.00469836
     1.98785     1.16828      1.1509  0.00643719
      2.0135     1.20061     1.17542  0.00809962
     2.03915     1.18149      1.1917  0.00755868
      2.0648     1.17566      1.1893    0.004281
     2.09045     1.18529     1.19869  0.00563889
      2.1161     1.18986     1.18699  0.00460068
     2.14174      1.1983     1.17192  0.00524454
     2.16739     1.18027     1.15339  0.00774207
     2.19304     1.11659     1.13079  0.00787667
     2.21869     1.10522      1.1025  0.00549917
     2.24434     1.09292     1.07786  0.00556321
     2.26999     1.05133     1.05381  0.00552977
     2.29564     1.02577     1.02779  0.00559923
     2.32129    0.980708    0.987346  0.00349052
     2.34694    0.973349    0.967779   0.0029325
     2.37259    0.938791    0.950811  0.00419723
     2.39824    0.939561    0.934058  0.00482708
     2.42389    0.904772    0.918495  0.00396258
     2.44954    0.892304    0.903359   0.0036875
     2.47519    0.898411    0.893783  0.00429626
     2.50084    0.879783     0.88504  0.00520146
     2.52649    0.886842    0.883705  0.00358621
     2.55214    0.896718    0.886248   0.0052157
#blocco numero 13
   0.0128248           0           0           0
   0.0384745           0           0           0
   0.0641241           0           0           0
   0.0897737           0           0           0
    0.115423           0           0           0
    0.141073           0           0           0
    0.166723           0           0           0
    0.192372           0           0           0
    0.218022           0           0           0
    0.243672           0           0           0
    0.269321           0           0           0
    0.294971           0           0           0
     0.32062           0           0           0
     0.34627           0           0           0
     0.37192           0           0           0
    0.397569           0           0           0
    0.423219           0           0           0
    0.448869           0           0           0
    0.474518           0           0           0
    0.500168           0           0           0
    0.525818           0           0           0
    0.551467           0           0           0
    0.577117           0           0           0
    0.602767           0           0           0
    0.628416           0           0           0
    0.654066           0           0           0
    0.679715           0           0           0
    0.705365           0           0           0
    0.731015           0           0           0
    0.756664           0           0           0
    0.782314           0           0           0
    0.807964           0           0           0
    0.833613           0           0           0
    0.859263           0 2.17897e-05 2.09349e-05
    0.884913  0.00249491  0.00128858 0.000233517
    0.910562   0.0255616   0.0228471  0.00183179
    0.936212    0.158826      0.1689   0.0030555
    0.961861     0.54709    0.564162  0.00628747
    0.987511     1.21698     1.21807   0.0062338
     1.01316     1.85746     1.84895  0.00924505
     1.03881     2.26705     2.27238   0.0177287
     1.06446     2.43528     2.49409   0.0111355
     1.09011     2.50478     2.48585   0.0163802
     1.11576     2.33747     2.33197   0.0143524
     1.14141     2.15882     2.13831    0.010322
     1.16706     1.95603      1.9165  0.00834664
     1.19271     1.70562     1.71419   0.0119044
     1.21836     1.51354     1.51734   0.0090514
     1.24401     1.35799     1.36282   0.0119223
     1.26966      1.1991     1.22046   0.0106904
     1.29531     1.06609     1.09672  0.00821457
     1.32096    0.976151    0.996088  0.00844819
     1.34661    0.923206    0.921006  0.00674398
     1.37226    0.856726    0.850475  0.00547169
     1.39791    0.777647    0.793516   0.0059851
     1.42355    0.778474     0.74793  0.00724953
      1.4492    0.760386    0.715398  0.00700337
     1.47485    0.698602     0.68263  0.00599609
      1.5005    0.690299    0.667948  0.00467012
     1.52615    0.678685    0.669478  0.00359494
      1.5518     0.68051     0.66441  0.00558161
     1.57745    0.676128    0.663487  0.00548799
      1.6031    0.666455    0.671144  0.00630001
     1.62875    0.676145    0.678319  0.00469539
      1.6544    0.712819    0.700981  0.00508195
     1.68005    0.736288    0.718832  0.00470539
      1.7057    0.763046    0.753872  0.00462684
     1.73135    0.762641     0.77535   0.0068335
       1.757    0.782504    0.810294  0.00630141
     1.78265    0.832853    0.848269  0.00430021
      1.8083    0.871293    0.890484  0.00497962
     1.83395    0.909892    0.932293  0.00491489
      1.8596    0.973819    0.969277  0.00727398
     1.88525     1.00596     1.01088   0.0045904
      1.9109      1.0379     1.05066  0.00469703
     1.93655      1.0687      1.0859   0.0040585
      1.9622      1.1195     1.11232  0.00437486
     1.98785     1.15751     1.15141  0.00596206
      2.0135     1.17073     1.17506  0.00748462
     2.03915       1.185     1.19119   0.0069948
      2.0648     1.18915     1.18929  0.00395171
     2.09045     1.18493     1.19763  0.00530352
      2.1161     1.16951     1.18564  0.00443883
     2.14174      1.1702     1.17178  0.00484277
     2.16739      1.1796     1.15541  0.00740438
     2.19304     1.15662     1.13277  0.00751732
     2.21869     1.10712     1.10285  0.00508763
     2.24434     1.07509     1.07765  0.00513937
     2.26999     1.06124     1.05438   0.0051339
     2.29564     1.00564     1.02609  0.00542156
     2.32129    0.985888    0.987234  0.00322382
     2.34694    0.978843     0.96863  0.00282774
     2.37259    0.957294     0.95131  0.00390387
     2.39824    0.925341    0.933387  0.00450209
     2.42389    0.916571    0.918347  0.00366053
     2.44954    0.912558    0.904066  0.00347109
     2.47519    0.914984    0.895414  0.00426408
     2.50084    0.915217    0.887361  0.00529405
     2.52649    0.920366    0.886525  0.00427779
     2.55214    0.900413    0.887338    0.004927
#blocco numero 14
   0.0128248           0           0           0
   0.0384745           0           0           0
   0.0641241           0           0           0
   0.0897737           0           0           0
    0.115423           0           0           0
    0.141073           0           0           0
    0.166723           0           0           0
    0.192372           0           0           0
    0.218022           0           0           0
    0.243672           0           0           0
    0.269321           0           0           0
    0.294971           0           0           0
     0.32062           0           0           0
     0.34627           0           0           0
     0.37192           0           0           0
    0.397569           0           0           0
    0.423219           0           0           0
    0.448869           0           0           0
    0.474518           0           0           0
    0.500168           0           0           0
    0.525818           0           0           0
    0.551467           0           0           0
    0.577117           0           0           0
    0.602767           0           0           0
    0.628416           0           0           0
    0.654066           0           0           0
    0.679715           0           0           0
    0.705365           0           0           0
    0.731015           0           0           0
    0.756664           0           0           0
    0.782314           0           0           0
    0.807964           0           0           0
    0.833613           0           0           0
    0.859263           0 2.02333e-05 1.94973e-05
    0.884913  0.00044552  0.00122836 0.000224468
    0.910562   0.0160023   0.0223581  0.00176498
    0.936212    0.168155    0.168847  0.00283772
    0.961861    0.589383    0.565964  0.00609099
    0.987511     1.24601     1.22006  0.00609971
     1.01316     1.81308     1.84639  0.00893259
     1.03881     2.33296     2.27671   0.0169821
     1.06446     2.52157     2.49605   0.0105117
     1.09011     2.48848     2.48604   0.0152113
     1.11576     2.34779      2.3331   0.0133717
     1.14141     2.13001     2.13771  0.00960171
     1.16706     1.89044     1.91463  0.00795529
     1.19271     1.67222     1.71119   0.0114253
     1.21836     1.49675     1.51587  0.00852353
     1.24401     1.35336     1.36214   0.0110899
     1.26966     1.21539      1.2201  0.00993292
     1.29531     1.07583     1.09523  0.00776219
     1.32096    0.977785    0.994781  0.00794526
     1.34661    0.913472    0.920468   0.0062837
     1.37226    0.831346    0.849108  0.00524868
     1.39791    0.753272    0.790642  0.00620966
     1.42355    0.755657    0.748482  0.00675268
      1.4492    0.697123    0.714093  0.00662367
     1.47485    0.708807      0.6845  0.00585207
      1.5005    0.720669    0.671714  0.00565454
     1.52615    0.694968    0.671299  0.00377114
      1.5518    0.687858    0.666085  0.00542839
     1.57745    0.682773    0.664865  0.00526604
      1.6031    0.694081    0.672782   0.0060593
     1.62875    0.705047    0.680228  0.00473224
      1.6544    0.723218    0.702569  0.00496096
     1.68005    0.748103    0.720923  0.00481143
      1.7057    0.760554     0.75435   0.0043209
     1.73135    0.768165    0.774836  0.00636464
       1.757    0.783089    0.808351  0.00614364
     1.78265    0.832986    0.847178  0.00412929
      1.8083    0.855572    0.887991  0.00521106
     1.83395    0.900754     0.93004  0.00505381
      1.8596    0.936426    0.966931  0.00712285
     1.88525      1.0143     1.01113  0.00426898
      1.9109     1.02414     1.04876  0.00472809
     1.93655     1.05901     1.08398  0.00419859
      1.9622     1.09556     1.11113  0.00422309
     1.98785     1.11235     1.14862  0.00615446
      2.0135     1.13785      1.1724  0.00740683
     2.03915     1.20154     1.19193  0.00653418
      2.0648     1.21286     1.19097  0.00401212
     2.09045     1.22687     1.19972  0.00532009
      2.1161     1.20775     1.18722  0.00439378
     2.14174     1.14813     1.17009  0.00478256
     2.16739      1.1814     1.15726  0.00710456
     2.19304     1.15543     1.13439  0.00715251
     2.21869     1.12485     1.10443  0.00496088
     2.24434     1.10362     1.07951  0.00509613
     2.26999     1.05479     1.05441  0.00476728
     2.29564     1.02329     1.02589  0.00503798
     2.32129    0.994015    0.987718  0.00302972
     2.34694      0.9612    0.968099  0.00267509
     2.37259    0.941644     0.95062  0.00368557
     2.39824    0.944366    0.934171  0.00424827
     2.42389    0.937931    0.919746  0.00365658
     2.44954    0.925901    0.905626  0.00355632
     2.47519    0.912292    0.896619  0.00412642
     2.50084    0.896298    0.887999  0.00495424
     2.52649     0.87733    0.885868  0.00402233
     2.55214    0.885202    0.887185  0.00457743
#blocco numero 15
   0.0128248           0           0           0
   0.0384745           0           0           0
   0.0641241           0           0           0
   0.0897737           0           0           0
    0.115423           0           0           0
    0.141073           0           0           0
    0.166723           0           0           0
    0.192372           0           0           0
    0.218022           0           0           0
    0.243672           0           0           0
    0.269321           0           0           0
    0.294971           0           0           0
     0.32062           0           0           0
     0.34627           0           0           0
     0.37192           0           0           0
    0.397569           0           0           0
    0.423219           0           0           0
    0.448869           0           0           0
    0.474518           0           0           0
    0.500168           0           0           0
    0.525818           0           0           0
    0.551467           0           0           0
    0.577117           0           0           0
    0.602767           0           0           0
    0.628416           0           0           0
    0.654066           0           0           0
    0.679715           0           0           0
    0.705365           0           0           0
    0.731015           0           0           0
    0.756664           0           0           0
    0.782314           0           0           0
    0.807964           0           0           0
    0.833613           0           0           0
    0.859263           0 1.88844e-05 1.82441e-05
    0.884913  0.00147022  0.00124449 0.000210082
    0.910562   0.0184448   0.0220973  0.00166649
    0.936212      0.1428     0.16711  0.00313512
    0.961861    0.575097    0.566573  0.00571528
    0.987511     1.17622     1.21714  0.00635489
     1.01316     1.85848     1.84719  0.00837341
     1.03881     2.28013     2.27694   0.0158515
     1.06446     2.48939     2.49561   0.0098203
     1.09011     2.52886     2.48889   0.0144626
     1.11576     2.30872     2.33147   0.0125786
     1.14141     2.12583     2.13692  0.00899421
     1.16706      1.9095     1.91429   0.0074323
     1.19271     1.64717     1.70692    0.011433
     1.21836     1.50506     1.51515  0.00798567
     1.24401     1.37807      1.3632   0.0104012
     1.26966     1.27023     1.22344  0.00981677
     1.29531     1.09561     1.09525  0.00724475
     1.32096     1.05438    0.998754  0.00835031
     1.34661    0.961114    0.923178  0.00642252
     1.37226    0.850643    0.849211  0.00489977
     1.39791    0.782194    0.790078  0.00582117
     1.42355      0.7492     0.74853  0.00630267
      1.4492    0.711486    0.713919  0.00618437
     1.47485    0.708677    0.686111  0.00567958
      1.5005    0.704724    0.673915  0.00568971
     1.52615    0.654989    0.670211  0.00367313
      1.5518    0.626621    0.663454  0.00566833
     1.57745     0.64262    0.663382  0.00511953
      1.6031    0.641881    0.670722  0.00599532
     1.62875    0.698877    0.681472  0.00457716
      1.6544    0.698725    0.702313  0.00463685
     1.68005    0.726177    0.721273  0.00450339
      1.7057    0.726584    0.752499  0.00441156
     1.73135     0.77566    0.774891  0.00594057
       1.757    0.811393    0.808554  0.00573741
     1.78265    0.839747    0.846682   0.0038836
      1.8083    0.893369    0.888349  0.00487598
     1.83395    0.957965    0.931901  0.00504815
      1.8596    0.969794    0.967122  0.00665055
     1.88525       1.014     1.01132  0.00398867
      1.9109     1.00002     1.04551  0.00541542
     1.93655     1.08594     1.08411  0.00392072
      1.9622     1.12725      1.1122   0.0040761
     1.98785     1.16297     1.14958  0.00581808
      2.0135     1.17632     1.17267  0.00691765
     2.03915     1.21116     1.19321  0.00622316
      2.0648     1.22206     1.19305  0.00424635
     2.09045     1.23479     1.20206  0.00545514
      2.1161     1.18312     1.18695  0.00410935
     2.14174     1.17458     1.17039  0.00447307
     2.16739     1.16175     1.15756  0.00663721
     2.19304     1.13426     1.13438  0.00667568
     2.21869     1.08911      1.1034  0.00473413
     2.24434      1.0744     1.07917  0.00476773
     2.26999     1.03014     1.05279  0.00471589
     2.29564     1.02596     1.02589  0.00470211
     2.32129    0.999756    0.988521  0.00293209
     2.34694    0.934471    0.965857  0.00330523
     2.37259     0.92311    0.948786  0.00386936
     2.39824    0.922012    0.933361  0.00404165
     2.42389    0.893747    0.918013  0.00380147
     2.44954     0.90756    0.905755  0.00332157
     2.47519    0.897877    0.896703  0.00385218
     2.50084    0.892201    0.888279  0.00463187
     2.52649    0.892717    0.886325     0.00378
     2.55214    0.897744    0.887889  0.00432606
#blocco numero 16
   0.0128248           0           0           0
   0.0384745           0           0           0
   0.0641241           0           0           0
   0.0897737           0           0           0
    0.115423           0           0           0
    0.141073           0           0           0
    0.166723           0           0           0
    0.192372           0           0           0
    0.218022           0           0           0
    0.243672           0           0           0
    0.269321           0           0           0
    0.294971           0           0           0
     0.32062           0           0           0
     0.34627           0           0           0
     0.37192           0           0           0
    0.397569           0           0           0
    0.423219           0           0           0
    0.448869           0           0           0
    0.474518           0           0           0
    0.500168           0           0           0
    0.525818           0           0           0
    0.551467           0           0           0
    0.577117           0           0           0
    0.602767           0           0           0
    0.628416           0           0           0
    0.654066           0           0           0
    0.679715           0           0           0
    0.705365           0           0           0
    0.731015           0           0           0
    0.756664           0           0           0
    0.782314           0           0           0
    0.807964           0           0           0
    0.833613           0           0           0
    0.859263           0 1.77041e-05  1.7142e-05
    0.884913 0.000757384  0.00121404 0.000199145
    0.910562   0.0257301   0.0223243  0.00157772
    0.936212    0.152129    0.166174  0.00307583
    0.961861    0.568067    0.566666  0.00535884
    0.987511     1.22402     1.21757  0.00597222
     1.01316     1.84962     1.84735  0.00785144
     1.03881     2.27809     2.27701    0.014861
     1.06446     2.45165     2.49286  0.00958315
     1.09011     2.51354     2.49043   0.0136405
     1.11576     2.30923     2.33008    0.011869
     1.14141     2.18788     2.14011  0.00897817
     1.16706     1.97909     1.91834  0.00799531
     1.19271     1.66343      1.7042   0.0110369
     1.21836      1.4772     1.51278  0.00783076
     1.24401     1.32951      1.3611  0.00996204
     1.26966     1.23119     1.22393  0.00921517
     1.29531     1.05211     1.09256  0.00727636
     1.32096    0.948135     0.99559   0.0084064
     1.34661    0.912131    0.922487  0.00605811
     1.37226    0.855135    0.849581   0.0046075
     1.39791    0.786939    0.789882  0.00546065
     1.42355    0.784008    0.750747  0.00628673
      1.4492    0.741202    0.715624  0.00602835
     1.47485    0.690263    0.686371  0.00533053
      1.5005    0.647966    0.672293  0.00556044
     1.52615    0.693133    0.671644  0.00371245
      1.5518    0.675772    0.664224  0.00536609
     1.57745    0.680885    0.664476  0.00491505
      1.6031    0.683025    0.671491  0.00566971
     1.62875    0.675106    0.681074  0.00430835
      1.6544     0.68892    0.701476  0.00442195
     1.68005    0.704263     0.72021  0.00434562
      1.7057    0.737161     0.75154   0.0042387
     1.73135    0.777029    0.775025  0.00557078
       1.757    0.837565    0.810367  0.00565808
     1.78265    0.849928    0.846885  0.00364617
      1.8083    0.883744    0.888062  0.00457972
     1.83395    0.963082     0.93385  0.00509492
      1.8596    0.986939     0.96836  0.00634918
     1.88525     1.01821     1.01175  0.00376259
      1.9109     1.06261     1.04658  0.00518129
     1.93655     1.05581     1.08234  0.00405516
      1.9622     1.09602     1.11119  0.00394483
     1.98785     1.15943     1.15019  0.00548694
      2.0135     1.17949     1.17309  0.00649844
     2.03915     1.22526     1.19521  0.00614818
      2.0648     1.22753      1.1952  0.00449467
     2.09045     1.22012     1.20319  0.00522967
      2.1161     1.19479     1.18744  0.00388159
     2.14174     1.16656     1.17015  0.00419992
     2.16739     1.11499      1.1549  0.00673468
     2.19304     1.11768     1.13334  0.00633955
     2.21869     1.08037     1.10196  0.00465194
     2.24434     1.05736      1.0778  0.00466045
     2.26999     1.04038     1.05201  0.00448444
     2.29564     1.00547     1.02462  0.00457816
     2.32129    0.985203    0.988313  0.00275616
     2.34694    0.956596    0.965278  0.00314893
     2.37259    0.934639    0.947901  0.00372717
     2.39824    0.909584    0.931875  0.00405304
     2.42389    0.890191    0.916274  0.00394155
     2.44954    0.896693    0.905189  0.00316189
     2.47519    0.912217    0.897673  0.00373145
     2.50084    0.888205    0.888275  0.00434238
     2.52649    0.888913    0.886486  0.00354721
     2.55214    0.870302     0.88679  0.00419301
#blocco numero 17
   0.0128248           0           0           0
   0.0384745           0           0           0
   0.0641241           0           0           0
   0.0897737           0           0           0
    0.115423           0           0           0
    0.141073           0           0           0
    0.166723           0           0           0
    0.192372           0           0           0
    0.218022           0           0           0
    0.243672           0           0           0
    0.269321           0           0           0
    0.294971           0           0           0
     0.32062           0           0           0
     0.34627           0           0           0
     0.37192           0           0           0
    0.397569           0           0           0
    0.423219           0           0           0
    0.448869           0           0           0
    0.474518           0           0           0
    0.500168           0           0           0
    0.525818           0           0           0
    0.551467           0           0           0
    0.577117           0           0           0
    0.602767           0           0           0
    0.628416           0           0           0
    0.654066           0           0           0
    0.679715           0           0           0
    0.705365           0           0           0
    0.731015           0           0           0
    0.756664           0           0           0
    0.782314           0           0           0
    0.807964           0           0           0
    0.833613           0           0           0
    0.859263           0 1.66627e-05 1.61652e-05
    0.884913  0.00169298  0.00124221 0.000189413
    0.910562   0.0213505    0.022267  0.00148596
    0.936212    0.170188     0.16641  0.00290395
    0.961861    0.507556    0.563189  0.00606768
    0.987511     1.16614     1.21454   0.0063411
     1.01316     1.82519     1.84604  0.00749695
     1.03881     2.26468     2.27628   0.0140045
     1.06446     2.54298     2.49581  0.00946212
     1.09011     2.49492      2.4907   0.0128407
     1.11576     2.38703     2.33343    0.011634
     1.14141      2.1761     2.14222  0.00869608
     1.16706     1.95649     1.92059  0.00783363
     1.19271      1.7164     1.70492    0.010411
     1.21836     1.52171      1.5133  0.00738776
     1.24401     1.32021     1.35869  0.00966196
     1.26966     1.16367     1.22038  0.00932994
     1.29531     1.08298     1.09199   0.0068701
     1.32096    0.982509    0.994821  0.00794705
     1.34661    0.933018    0.923107  0.00573333
     1.37226    0.862996     0.85037  0.00440353
     1.39791    0.790331    0.789909   0.0051395
     1.42355    0.769928    0.751875  0.00601732
      1.4492    0.732736    0.716631  0.00575716
     1.47485    0.710673      0.6878  0.00520512
      1.5005    0.658298     0.67147  0.00529394
     1.52615    0.652806    0.670536  0.00365571
      1.5518    0.658127    0.663865  0.00506241
     1.57745    0.656023    0.663979  0.00465101
      1.6031    0.648124    0.670117  0.00550029
     1.62875    0.674693    0.680698  0.00407123
      1.6544    0.669995    0.699624  0.00453302
     1.68005    0.697271    0.718861  0.00429439
      1.7057    0.752529    0.751598  0.00398977
     1.73135    0.770915    0.774783  0.00524833
       1.757    0.797407    0.809605  0.00537636
     1.78265    0.859518    0.847628   0.0035066
      1.8083    0.881287    0.887663  0.00432763
     1.83395    0.916799    0.932847  0.00489295
      1.8596    0.982382    0.969185  0.00602903
     1.88525    0.991274     1.01055  0.00372907
      1.9109     1.06937     1.04792  0.00504697
     1.93655     1.07734     1.08205  0.00382727
      1.9622      1.1192     1.11166   0.0037408
     1.98785      1.1273     1.14885  0.00532679
      2.0135     1.16424     1.17257  0.00613701
     2.03915     1.19407     1.19514  0.00578689
      2.0648      1.2035     1.19569  0.00425667
     2.09045     1.23832     1.20525  0.00531467
      2.1161     1.21115     1.18883  0.00389587
     2.14174     1.21923     1.17304  0.00484443
     2.16739     1.18261     1.15653  0.00653272
     2.19304     1.12918     1.13309  0.00597134
     2.21869     1.10053     1.10188  0.00437905
     2.24434     1.07258      1.0775   0.0043964
     2.26999     1.06252     1.05263  0.00426298
     2.29564     1.05552     1.02643  0.00465588
     2.32129     1.01453    0.989855  0.00299443
     2.34694    0.974922    0.965846  0.00301436
     2.37259    0.938552    0.947351  0.00354827
     2.39824    0.915106    0.930888  0.00393282
     2.42389    0.912525    0.916053  0.00371586
     2.44954    0.897113    0.904714  0.00301137
     2.47519    0.864001    0.895692  0.00400327
     2.50084    0.875464    0.887521  0.00415182
     2.52649    0.866995     0.88534  0.00351898
     2.55214    0.864276    0.885466  0.00415023
#blocco numero 18
   0.0128248           0           0           0
   0.0384745           0           0           0
   0.0641241           0           0           0
   0.0897737           0           0           0
    0.115423           0           0           0
    0.141073           0           0           0
    0.166723           0           0           0
    0.192372           0           0           0
    0.218022           0           0           0
    0.243672           0           0           0
    0.269321           0           0           0
    0.294971           0           0           0
     0.32062           0           0           0
     0.34627           0           0           0
     0.37192           0           0           0
    0.397569           0           0           0
    0.423219           0           0           0
    0.448869           0           0           0
    0.474518           0           0           0
    0.500168           0           0           0
    0.525818           0           0           0
    0.551467           0           0           0
    0.577117           0           0           0
    0.602767           0           0           0
    0.628416           0           0           0
    0.654066           0           0           0
    0.679715           0           0           0
    0.705365           0           0           0
    0.731015           0           0           0
    0.756664           0           0           0
    0.782314           0           0           0
    0.807964           0           0           0
    0.833613           0           0           0
    0.859263           0  1.5737e-05 1.52936e-05
    0.884913  0.00360871  0.00137369 0.000219832
    0.910562   0.0277514   0.0225717   0.0014343
    0.936212    0.158148    0.165951  0.00277865
    0.961861    0.574341    0.563808  0.00576213
    0.987511     1.17952      1.2126  0.00628025
     1.01316     1.84586     1.84603  0.00708046
     1.03881      2.3214     2.27879   0.0134489
     1.06446     2.49527     2.49578  0.00893649
     1.09011     2.50752     2.49163   0.0121613
     1.11576     2.36781     2.33534   0.0111433
     1.14141     2.11112      2.1405  0.00838293
     1.16706     1.89642     1.91924  0.00751258
     1.19271      1.6507     1.70191   0.0102591
     1.21836     1.54538     1.51508  0.00718906
     1.24401     1.34449      1.3579  0.00915735
     1.26966     1.18253     1.21828  0.00904549
     1.29531     1.08835     1.09179  0.00649141
     1.32096     0.99694    0.994939  0.00750642
     1.34661    0.929365    0.923454  0.00542535
     1.37226    0.815175    0.848415  0.00457243
     1.39791    0.765126    0.788532  0.00503502
     1.42355    0.765821     0.75265  0.00573268
      1.4492    0.728469    0.717289  0.00547476
     1.47485    0.696671    0.688293  0.00493922
      1.5005    0.691679    0.672592  0.00511751
     1.52615    0.678124    0.670957  0.00347684
      1.5518    0.692449    0.665453  0.00502406
     1.57745    0.721663    0.667183  0.00538465
      1.6031    0.698083     0.67167   0.0054097
     1.62875    0.711843    0.682429  0.00419664
      1.6544    0.700895    0.699695  0.00428174
     1.68005     0.74754    0.720454  0.00434132
      1.7057    0.758353    0.751974  0.00378572
     1.73135     0.78554    0.775381  0.00499066
       1.757    0.816609    0.809994  0.00509174
     1.78265    0.834345     0.84689  0.00338855
      1.8083    0.857489    0.885987  0.00439992
     1.83395    0.901038     0.93108  0.00492993
      1.8596    0.960423    0.968698   0.0057137
     1.88525     1.03338     1.01181  0.00373152
      1.9109     1.04941       1.048  0.00476726
     1.93655     1.04383     1.07992  0.00416199
      1.9622     1.11274     1.11172  0.00353346
     1.98785     1.14561     1.14867   0.0050339
      2.0135     1.17245     1.17256  0.00579606
     2.03915     1.19678     1.19524   0.0054661
      2.0648     1.18974     1.19536  0.00403298
     2.09045     1.18974     1.20439  0.00508884
      2.1161     1.16281     1.18739  0.00393858
     2.14174      1.1788     1.17336  0.00458585
     2.16739     1.14164      1.1557  0.00622196
     2.19304     1.12417      1.1326  0.00566016
     2.21869     1.09201     1.10133  0.00416996
     2.24434     1.05795     1.07641  0.00428413
     2.26999     1.05313     1.05266  0.00402624
     2.29564     1.04242     1.02732   0.0044811
     2.32129    0.994127    0.990093  0.00283746
     2.34694    0.969963    0.966074  0.00285557
     2.37259    0.949671     0.94748  0.00335348
     2.39824    0.921895    0.930389  0.00374594
     2.42389    0.918482    0.916188  0.00351187
     2.44954    0.922271    0.905689  0.00299788
     2.47519     0.88663    0.895189   0.0038124
     2.50084      0.8934    0.887848  0.00393398
     2.52649    0.891163    0.885663  0.00333832
     2.55214    0.908371    0.886738  0.00411012
#blocco numero 19
   0.0128248           0           0           0
   0.0384745           0           0           0
   0.0641241           0           0           0
   0.0897737           0           0           0
    0.115423           0           0           0
    0.141073           0           0           0
    0.166723           0           0           0
    0.192372           0           0           0
    0.218022           0           0           0
    0.243672           0           0           0
    0.269321           0           0           0
    0.294971           0           0           0
     0.32062           0           0           0
     0.34627           0           0           0
     0.37192           0           0           0
    0.397569           0           0           0
    0.423219           0           0           0
    0.448869           0           0           0
    0.474518           0           0           0
    0.500168           0           0           0
    0.525818           0           0           0
    0.551467           0           0           0
    0.577117           0           0           0
    0.602767           0           0           0
    0.628416           0           0           0
    0.654066           0           0           0
    0.679715           0           0           0
    0.705365           0           0           0
    0.731015           0           0           0
    0.756664           0           0           0
    0.782314           0           0           0
    0.807964           0           0           0
    0.833613           0           0           0
    0.859263           0 1.49087e-05 1.45111e-05
    0.884913  0.00182663  0.00139753 0.000209551
    0.910562   0.0258564   0.0227446  0.00136919
    0.936212    0.174095     0.16638  0.00266526
    0.961861    0.564514    0.563846  0.00545898
    0.987511     1.19319     1.21158  0.00603219
     1.01316     1.78586     1.84287   0.0073821
     1.03881     2.28299     2.27901   0.0127428
     1.06446     2.49407     2.49569   0.0084666
     1.09011     2.44754     2.48931   0.0117405
     1.11576     2.32575     2.33484   0.0105683
     1.14141     2.14473     2.14072  0.00794468
     1.16706      1.8869     1.91754  0.00730746
     1.19271     1.64917     1.69913   0.0100877
     1.21836     1.51506     1.51508  0.00681069
     1.24401     1.36522     1.35829  0.00868348
     1.26966     1.21421     1.21807  0.00857195
     1.29531     1.08395     1.09138  0.00616287
     1.32096     1.00721    0.995585  0.00713909
     1.34661    0.909294    0.922709  0.00519074
     1.37226    0.887272     0.85046  0.00476725
     1.39791    0.815933    0.789974  0.00497227
     1.42355    0.785157    0.754361  0.00568053
      1.4492    0.788289    0.721026  0.00633482
     1.47485    0.777128    0.692969  0.00652727
      1.5005    0.699832    0.674026  0.00504499
     1.52615    0.695392    0.672243  0.00352368
      1.5518    0.675156    0.665964  0.00478552
     1.57745    0.685741     0.66816  0.00518907
      1.6031    0.662494    0.671187  0.00514649
     1.62875    0.667604    0.681648  0.00404765
      1.6544    0.689631    0.699165  0.00408901
     1.68005    0.721253    0.720496  0.00411303
      1.7057     0.72724    0.750672  0.00380371
     1.73135    0.763798    0.774771  0.00476509
       1.757    0.812425    0.810122  0.00482536
     1.78265    0.857046    0.847425  0.00325208
      1.8083    0.871401    0.885219  0.00423478
     1.83395     0.90088    0.929491  0.00492002
      1.8596    0.928653    0.966591  0.00578868
     1.88525    0.980649     1.01017  0.00387892
      1.9109     1.01046     1.04603  0.00490873
     1.93655     1.07802     1.07982  0.00394414
      1.9622     1.10489     1.11136  0.00336571
     1.98785     1.11072     1.14667  0.00514997
      2.0135     1.13256     1.17046  0.00586091
     2.03915     1.17869     1.19436  0.00524733
      2.0648     1.21746     1.19652  0.00398496
     2.09045     1.18151     1.20319  0.00496151
      2.1161     1.18514     1.18727  0.00373306
     2.14174     1.17845     1.17363   0.0043523
     2.16739     1.17536     1.15674  0.00597989
     2.19304     1.15994     1.13404  0.00554221
     2.21869     1.10798     1.10168  0.00396515
     2.24434     1.09706      1.0775  0.00419426
     2.26999     1.06939     1.05354  0.00390938
     2.29564     1.02835     1.02738  0.00424557
     2.32129     1.00065    0.990648  0.00274201
     2.34694    0.959143     0.96571  0.00272848
     2.37259    0.942584    0.947223  0.00318687
     2.39824    0.923624    0.930033  0.00356566
     2.42389    0.926102     0.91671  0.00336557
     2.44954    0.919896    0.906437  0.00293187
     2.47519    0.910593    0.895999  0.00369695
     2.50084    0.926321    0.889873  0.00421598
     2.52649    0.924921     0.88773  0.00374788
     2.55214    0.902367    0.887561  0.00397526
#blocco numero 20
   0.0128248           0           0           0
   0.0384745           0           0           0
   0.0641241           0           0           0
   0.0897737           0           0           0
    0.115423           0           0           0
    0.141073           0           0           0
    0.166723           0           0           0
    0.192372           0           0           0
    0.218022           0           0           0
    0.243672           0           0           0
    0.269321           0           0           0
    0.294971           0           0           0
     0.32062           0           0           0
     0.34627           0           0           0
     0.37192           0           0           0
    0.397569           0           0           0
    0.423219           0           0           0
    0.448869           0           0           0
    0.474518           0           0           0
    0.500168           0           0           0
    0.525818           0           0           0
    0.551467           0           0           0
    0.577117           0           0           0
    0.602767           0           0           0
    0.628416           0           0           0
    0.654066           0           0           0
    0.679715           0           0           0
    0.705365           0           0           0
    0.731015           0           0           0
    0.756664           0           0           0
    0.782314           0           0           0
    0.807964           0           0           0
    0.833613           0           0           0
    0.859263           0 1.41633e-05 1.38047e-05
    0.884913  0.00129201  0.00139225  0.00019914
    0.910562   0.0259827   0.0229065  0.00131027
    0.936212    0.169151    0.166518   0.0025356
    0.961861    0.545654    0.562936  0.00526126
    0.987511     1.22674     1.21234  0.00577804
     1.01316     1.87994     1.84472  0.00724201
     1.03881     2.32477      2.2813   0.0123094
     1.06446     2.52748     2.49728  0.00819114
     1.09011     2.55764     2.49273     0.01164
     1.11576     2.40575     2.33838    0.010618
     1.14141     2.06821     2.13709   0.0083337
     1.16706     1.88291     1.91581  0.00714434
     1.19271     1.74088     1.70122  0.00979688
     1.21836     1.52226     1.51544   0.0064796
     1.24401     1.30539     1.35564   0.0086427
     1.26966     1.18162     1.21624  0.00833485
     1.29531     1.04647     1.08913   0.0062504
     1.32096    0.949124    0.993262  0.00715011
     1.34661    0.868395    0.919994  0.00559671
     1.37226    0.821351    0.849005  0.00474586
     1.39791    0.774941    0.789222  0.00478013
     1.42355    0.762236    0.754755  0.00541013
      1.4492    0.711822    0.720565  0.00603477
     1.47485    0.699056    0.693273  0.00620799
      1.5005    0.691459    0.674898  0.00486746
     1.52615    0.680474    0.672655  0.00337144
      1.5518    0.683311    0.666831  0.00462418
     1.57745    0.659062    0.667705  0.00494951
      1.6031    0.681196    0.671688  0.00491344
     1.62875    0.705473     0.68284  0.00401674
      1.6544    0.718335    0.700123  0.00399532
     1.68005     0.71782    0.720362  0.00390956
      1.7057    0.738632     0.75007  0.00366084
     1.73135      0.7608    0.774073  0.00457775
       1.757    0.817205    0.810476  0.00459707
     1.78265    0.853682    0.847738  0.00310449
      1.8083    0.882088    0.885062  0.00402593
     1.83395    0.914493    0.928741  0.00473082
      1.8596    0.955548    0.966039  0.00552552
     1.88525     1.03437     1.01138  0.00386905
      1.9109     1.08447     1.04795  0.00502551
     1.93655     1.10026     1.08085  0.00387698
      1.9622     1.15797     1.11369  0.00392214
     1.98785     1.19452     1.14906  0.00541971
      2.0135     1.17911     1.17089  0.00558378
     2.03915     1.21345     1.19532  0.00507098
      2.0648     1.21147     1.19727  0.00385519
     2.09045       1.202     1.20313  0.00471379
      2.1161     1.19411     1.18761  0.00356205
     2.14174     1.15118     1.17251  0.00427702
     2.16739     1.09278     1.15354  0.00647984
     2.19304     1.08629     1.13165  0.00575628
     2.21869     1.07088     1.10014  0.00405492
     2.24434     1.08625     1.07794  0.00400732
     2.26999     1.05163     1.05344  0.00371508
     2.29564    0.975225     1.02477  0.00476729
     2.32129     0.94078    0.988155  0.00356255
     2.34694    0.940391    0.964444  0.00287075
     2.37259      0.9292    0.946321  0.00315236
     2.39824    0.906286    0.928845  0.00357962
     2.42389    0.922788    0.917014  0.00321098
     2.44954    0.918996    0.907065  0.00285173
     2.47519    0.922484    0.897324  0.00374176
     2.50084    0.917354    0.891247  0.00422316
     2.52649    0.919308    0.889308  0.00387883
     2.55214    0.894792    0.887922  0.00379291
