10000 3.09674 0
20000 3.11981 0.0230664
30000 3.11539 0.0140311
40000 3.13156 0.0189677
50000 3.12679 0.0154469
60000 3.12594 0.012641
70000 3.13083 0.0117489
80000 3.13064 0.0101766
90000 3.13472 0.00985916
100000 3.1412 0.0109476
110000 3.14103 0.00990391
120000 3.14015 0.00908368
130000 3.14308 0.00885439
140000 3.14164 0.00832395
150000 3.142 0.00775751
160000 3.14525 0.00795295
170000 3.14616 0.00752596
180000 3.14668 0.00711396
190000 3.14654 0.00673054
200000 3.14571 0.00643917
210000 3.14694 0.0062476
220000 3.14828 0.00610572
230000 3.14735 0.00590742
240000 3.14851 0.0057738
250000 3.14943 0.0056144
260000 3.14816 0.00554149
270000 3.1476 0.00536245
280000 3.14822 0.00520445
290000 3.14658 0.00528153
300000 3.14632 0.00510915
310000 3.14727 0.00503234
320000 3.14799 0.00492575
330000 3.14739 0.00481195
340000 3.1477 0.00467824
350000 3.14714 0.00457688
360000 3.14788 0.00451008
370000 3.14833 0.00440903
380000 3.14817 0.00429438
390000 3.14811 0.00418325
400000 3.14776 0.00409253
410000 3.14665 0.00414124
420000 3.14666 0.00404145
430000 3.14597 0.00400613
440000 3.14624 0.00392318
450000 3.14466 0.00414866
460000 3.1451 0.0040814
470000 3.1451 0.00399362
480000 3.14414 0.00402556
490000 3.14323 0.00404589
500000 3.14273 0.00399569
510000 3.14289 0.0039196
520000 3.14277 0.00384517
530000 3.14248 0.00378372
540000 3.14205 0.00373761
550000 3.14212 0.00366967
560000 3.1421 0.00360359
570000 3.1417 0.00356224
580000 3.14078 0.00361755
590000 3.14076 0.0035558
600000 3.14138 0.00355139
610000 3.14127 0.00349445
620000 3.14064 0.00349571
630000 3.14052 0.00344168
640000 3.14002 0.00342471
650000 3.14054 0.00341189
660000 3.1409 0.00337816
670000 3.14083 0.00332804
680000 3.14002 0.00337695
690000 3.13991 0.00332928
700000 3.13964 0.00329306
710000 3.13997 0.0032632
720000 3.14007 0.00321905
730000 3.14012 0.00317512
740000 3.14041 0.00314504
750000 3.14026 0.00310635
760000 3.14058 0.00308156
770000 3.14121 0.00310609
780000 3.14126 0.00306645
790000 3.14117 0.00302878
800000 3.14113 0.00299092
810000 3.14114 0.00295377
820000 3.14169 0.00296868
830000 3.14115 0.00298227
840000 3.14117 0.00294662
850000 3.14123 0.00291257
860000 3.14153 0.00289376
870000 3.14105 0.00290059
880000 3.14108 0.00286764
890000 3.14083 0.0028469
900000 3.14114 0.00283265
910000 3.14052 0.00287054
920000 3.14087 0.00286157
930000 3.14059 0.0028446
940000 3.14048 0.00281648
950000 3.14072 0.00279688
960000 3.14124 0.00281675
970000 3.1416 0.00281106
980000 3.14162 0.00278225
990000 3.1414 0.0027627
1000000 3.14152 0.00273765
