# VELOCITY:     ACTUAL_POFV:     AVE_POFV:        ERROR:
blocco numero 1
   0.0699206   0.0110575   0.0110575           0
    0.209762   0.0782303   0.0782303           0
    0.349603    0.212046    0.212046           0
    0.489444    0.358972    0.358972           0
    0.629285    0.542646    0.542646           0
    0.769126    0.619022    0.619022           0
    0.908968    0.718209    0.718209           0
     1.04881    0.780979    0.780979           0
     1.18865    0.695001    0.695001           0
     1.32849     0.69914     0.69914           0
     1.46833    0.586611    0.586611           0
     1.60817    0.481664    0.481664           0
     1.74801    0.409128    0.409128           0
     1.88786    0.322092    0.322092           0
      2.0277    0.222276    0.222276           0
     2.16754    0.141232    0.141232           0
     2.30738   0.0997825   0.0997825           0
     2.44722   0.0613792   0.0613792           0
     2.58706   0.0471103   0.0471103           0
      2.7269   0.0267499   0.0267499           0
     2.86674   0.0160235   0.0160235           0
     3.00659  0.00857454  0.00857454           0
     3.14643  0.00489974  0.00489974           0
     3.28627   0.0015891   0.0015891           0
     3.42611 0.000794552 0.000794552           0
     3.56595  0.00125804  0.00125804           0
     3.70579  0.00119183  0.00119183           0
     3.84563  0.00139047  0.00139047           0
     3.98547  9.9319e-05  9.9319e-05           0
     4.12531 0.000132425 0.000132425           0
blocco numero 2
   0.0699206   0.0148979   0.0129777  0.00135776
    0.209762   0.0794883   0.0788593 0.000444785
    0.349603    0.187713     0.19988  0.00860307
    0.489444    0.355231    0.357102  0.00132265
    0.629285    0.545394     0.54402 0.000971503
    0.769126    0.674509    0.646765   0.0196173
    0.908968    0.769027    0.743618    0.017967
     1.04881    0.802696    0.791837  0.00767839
     1.18865    0.778893    0.736947   0.0296601
     1.32849    0.716918    0.708029  0.00628551
     1.46833    0.556716    0.571664   0.0105695
     1.60817    0.479777    0.480721 0.000667177
     1.74801    0.379432     0.39428   0.0104993
     1.88786    0.290409     0.30625   0.0112015
      2.0277    0.188938    0.205607   0.0117868
     2.16754    0.132889     0.13706  0.00294962
     2.30738    0.077535   0.0886588  0.00786567
     2.44722   0.0454881   0.0534336  0.00561833
     2.58706   0.0339009   0.0405056  0.00467024
      2.7269   0.0203273   0.0235386  0.00227074
     2.86674  0.00936909   0.0126963  0.00235268
     3.00659   0.0088725  0.00872352 0.000105344
     3.14643  0.00254919  0.00372446 0.000831045
     3.28627           0 0.000794552 0.000561833
     3.42611           0 0.000397276 0.000280917
     3.56595           0  0.00062902 0.000444785
     3.70579           0 0.000595914 0.000421375
     3.84563           0 0.000695233 0.000491604
     3.98547           0 4.96595e-05 3.51146e-05
     4.12531           0 6.62127e-05 4.68194e-05
blocco numero 3
   0.0699206  0.00827658   0.0114107  0.00156729
    0.209762   0.0795545    0.079091 0.000351752
    0.349603    0.201088    0.200282   0.0057448
    0.489444    0.344174    0.352792  0.00362737
    0.629285     0.47054    0.519527   0.0200091
    0.769126    0.619453    0.637661   0.0150432
    0.908968    0.755288    0.747508   0.0123919
     1.04881    0.756215    0.779963   0.0109636
     1.18865    0.736682    0.736859   0.0197735
     1.32849    0.695432     0.70383  0.00541417
     1.46833      0.6223    0.588542   0.0154783
     1.60817    0.553339    0.504927   0.0197693
     1.74801    0.432733    0.407098   0.0125905
     1.88786    0.325237    0.312579  0.00908126
      2.0277    0.221018    0.210744  0.00890722
     2.16754    0.141761    0.138627  0.00234603
     2.30738   0.0772371   0.0848515  0.00609594
     2.44722   0.0489643   0.0519438  0.00393812
     2.58706   0.0250615   0.0353576  0.00523087
      2.7269   0.0169504   0.0213426  0.00234665
     2.86674   0.0125473   0.0126466  0.00156898
     3.00659  0.00440314  0.00728339  0.00117795
     3.14643  0.00271472  0.00338788 0.000618445
     3.28627           0 0.000529701 0.000432499
     3.42611           0 0.000264851  0.00021625
     3.56595           0 0.000419347 0.000342395
     3.70579           0 0.000397276 0.000324375
     3.84563           0 0.000463489 0.000378437
     3.98547           0 3.31063e-05 2.70312e-05
     4.12531           0 4.41418e-05 3.60416e-05
blocco numero 4
   0.0699206  0.00549565   0.0099319  0.00173832
    0.209762    0.063829   0.0752755  0.00331484
    0.349603    0.199002    0.199962  0.00431751
    0.489444     0.36748    0.356464    0.004185
    0.629285    0.525166    0.520937   0.0150564
    0.769126     0.64799    0.640244   0.0115019
    0.908968    0.762406    0.751233  0.00983774
     1.04881    0.817693    0.789396   0.0115906
     1.18865    0.794651    0.751307   0.0194035
     1.32849     0.65832    0.692452   0.0106572
     1.46833    0.600648    0.591569   0.0119009
     1.60817    0.501892    0.504168   0.0148415
     1.74801    0.386219    0.401878   0.0104691
     1.88786    0.276306    0.303511   0.0103955
      2.0277    0.210457    0.210672   0.0066807
     2.16754    0.136531    0.138103  0.00181714
     2.30738   0.0880629   0.0856544  0.00462452
     2.44722   0.0493284     0.05129  0.00300738
     2.58706   0.0283059   0.0335947  0.00420975
      2.7269   0.0140371   0.0195162  0.00236628
     2.86674  0.00960084   0.0118852  0.00134891
     3.00659  0.00662127  0.00711786  0.00089502
     3.14643 0.000926978  0.00277266 0.000706413
     3.28627           0 0.000397276 0.000344051
     3.42611           0 0.000198638 0.000172026
     3.56595           0  0.00031451 0.000272374
     3.70579           0 0.000297957 0.000258038
     3.84563           0 0.000347617 0.000301045
     3.98547           0 2.48298e-05 2.15032e-05
     4.12531           0 3.31063e-05 2.86709e-05
blocco numero 5
   0.0699206  0.00850833  0.00964719  0.00141378
    0.209762     0.07876   0.0759724  0.00272414
    0.349603    0.196155    0.199201  0.00352051
    0.489444    0.346027    0.354377  0.00383337
    0.629285    0.555226    0.527795    0.013517
    0.769126    0.692552    0.650705   0.0131234
    0.908968    0.766081    0.754202  0.00830632
     1.04881    0.758069     0.78313   0.0108343
     1.18865    0.765584    0.754162   0.0157315
     1.32849    0.678051    0.689572  0.00890644
     1.46833    0.564993    0.586254   0.0106417
     1.60817    0.494211    0.502177   0.0120061
     1.74801    0.369467    0.395396   0.0101863
     1.88786    0.298354    0.302479  0.00836736
      2.0277    0.208868    0.210311   0.0053543
     2.16754    0.142357    0.138954  0.00164086
     2.30738   0.0896189   0.0864473  0.00376698
     2.44722   0.0471434   0.0504607  0.00251766
     2.58706   0.0322456   0.0333248  0.00337644
      2.7269   0.0264851     0.02091  0.00226663
     2.86674   0.0146661   0.0124414  0.00118827
     3.00659   0.0108589  0.00786607 0.000980064
     3.14643  0.00274783  0.00276769 0.000565148
     3.28627  0.00393965  0.00110575 0.000690875
     3.42611           0  0.00015891 0.000142134
     3.56595           0 0.000251608 0.000225045
     3.70579           0 0.000238366 0.000213201
     3.84563           0 0.000278093 0.000248734
     3.98547           0 1.98638e-05 1.77667e-05
     4.12531           0 2.64851e-05  2.3689e-05
blocco numero 6
   0.0699206  0.00824348  0.00941324  0.00119735
    0.209762   0.0711455   0.0751679  0.00238595
    0.349603    0.184634    0.196773  0.00367679
    0.489444    0.336394     0.35138  0.00420604
    0.629285     0.52073    0.526617   0.0113154
    0.769126    0.655075    0.651433   0.0109564
    0.908968    0.764094    0.755851  0.00708367
     1.04881    0.833088    0.791457    0.011802
     1.18865    0.774026    0.757473   0.0134534
     1.32849    0.719003    0.694477  0.00866821
     1.46833    0.604886    0.589359  0.00931016
     1.60817    0.517882    0.504794   0.0102865
     1.74801     0.37877    0.392625  0.00885749
     1.88786    0.283622    0.299336  0.00753999
      2.0277     0.16573    0.202881  0.00811879
     2.16754    0.119017    0.135631  0.00332722
     2.30738   0.0810774   0.0855523  0.00324372
     2.44722   0.0552214   0.0512541  0.00221956
     2.58706   0.0328084   0.0332388   0.0028148
      2.7269   0.0222806   0.0211384  0.00190034
     2.86674   0.0117859   0.0123321 0.000995234
     3.00659  0.00559497  0.00748755 0.000886807
     3.14643  0.00400587  0.00297405 0.000507236
     3.28627 0.000496595  0.00100423 0.000583141
     3.42611 0.000728339 0.000253815 0.000146748
     3.56595  0.00062902  0.00031451 0.000196132
     3.70579           0 0.000198638 0.000181331
     3.84563           0 0.000231744 0.000211553
     3.98547           0 1.65532e-05 1.51109e-05
     4.12531           0 2.20709e-05 2.01479e-05
blocco numero 7
   0.0699206  0.00794552  0.00920356   0.0010445
    0.209762     0.07098   0.0745697  0.00211878
    0.349603    0.183575    0.194888  0.00360269
    0.489444    0.369103    0.353912  0.00430021
    0.629285    0.530827    0.527218  0.00971485
    0.769126    0.656201    0.652114  0.00941232
    0.908968    0.741284     0.75377  0.00637005
     1.04881    0.763333    0.787439   0.0107782
     1.18865    0.761446    0.758041   0.0115435
     1.32849    0.721321    0.698312  0.00823458
     1.46833    0.615745    0.593128  0.00870983
     1.60817    0.508447    0.505316   0.0088302
     1.74801    0.389331    0.392154  0.00760462
     1.88786    0.324906    0.302989  0.00729416
      2.0277    0.192712    0.201428  0.00708775
     2.16754    0.125341    0.134161  0.00316003
     2.30738   0.0828321   0.0851637  0.00280351
     2.44722   0.0549896   0.0517878  0.00196558
     2.58706   0.0194334   0.0312666  0.00302571
      2.7269   0.0130108   0.0199773  0.00195159
     2.86674  0.00787931    0.011696   0.0010366
     3.00659  0.00370791   0.0069476 0.000909768
     3.14643  0.00340995  0.00303632 0.000438579
     3.28627  0.00321131  0.00131952 0.000578832
     3.42611           0 0.000217556 0.000130186
     3.56595           0  0.00026958 0.000173183
     3.70579           0 0.000170261 0.000157631
     3.84563           0 0.000198638 0.000183903
     3.98547           0 1.41884e-05 1.31359e-05
     4.12531           0 1.89179e-05 1.75146e-05
blocco numero 8
   0.0699206   0.0105609  0.00937323 0.000927614
    0.209762   0.0755487    0.074692  0.00185747
    0.349603    0.211682    0.196987  0.00371396
    0.489444    0.359369    0.354594  0.00381642
    0.629285    0.501329    0.523982  0.00902342
    0.769126    0.611375    0.647022  0.00951418
    0.908968    0.736583    0.751622  0.00592501
     1.04881    0.771146    0.785402  0.00962143
     1.18865    0.764194     0.75881   0.0101261
     1.32849    0.675171    0.695419  0.00769658
     1.46833     0.58873    0.592579  0.00763844
     1.60817    0.523875    0.507636  0.00802536
     1.74801    0.425714    0.396349  0.00772495
     1.88786    0.320171    0.305137  0.00669113
      2.0277    0.221879    0.203985  0.00664679
     2.16754    0.137987    0.134639  0.00280098
     2.30738   0.0987893   0.0868669  0.00292504
     2.44722   0.0548241   0.0521673  0.00175615
     2.58706    0.037973   0.0321049  0.00276119
      2.7269   0.0134412   0.0191603  0.00187086
     2.86674  0.00632331   0.0110244  0.00110333
     3.00659  0.00225123  0.00636056 0.000967076
     3.14643  0.00205259  0.00291336 0.000400624
     3.28627           0  0.00115458 0.000529457
     3.42611           0 0.000190361 0.000116719
     3.56595           0 0.000235883 0.000154779
     3.70579           0 0.000148979 0.000139357
     3.84563           0 0.000173808 0.000162583
     3.98547           0 1.24149e-05 1.16131e-05
     4.12531           0 1.65532e-05 1.54841e-05
blocco numero 9
   0.0699206  0.00963394   0.0094022 0.000824998
    0.209762   0.0803822   0.0753243  0.00175539
    0.349603    0.208537     0.19827  0.00351603
    0.489444    0.352053    0.354311   0.0034028
    0.629285    0.526325    0.524243  0.00802457
    0.769126    0.649215    0.647266  0.00846017
    0.908968    0.758764    0.752415  0.00531956
     1.04881    0.817429    0.788961  0.00918689
     1.18865    0.740192    0.756741  0.00920989
     1.32849    0.735656     0.69989  0.00803564
     1.46833    0.635311    0.597327  0.00813259
     1.60817    0.474381    0.503941  0.00793885
     1.74801    0.368805    0.393289  0.00744825
     1.88786    0.259719    0.300091  0.00761653
      2.0277    0.193473    0.202817  0.00600999
     2.16754    0.133981    0.134566  0.00249072
     2.30738   0.0853481   0.0866981   0.0026049
     2.44722   0.0534005   0.0523043  0.00156635
     2.58706   0.0285046   0.0317048   0.0024832
      2.7269   0.0189368   0.0191355  0.00166315
     2.86674  0.00718408   0.0105977  0.00106005
     3.00659  0.00347617  0.00604007 0.000911182
     3.14643  0.00400587  0.00303475 0.000374049
     3.28627  0.00231744  0.00128379 0.000486138
     3.42611  0.00142357 0.000327385 0.000165691
     3.56595  0.00162221 0.000389919 0.000200048
     3.70579 0.000893871 0.000231744 0.000146402
     3.84563           0 0.000154496  0.00014566
     3.98547           0 1.10354e-05 1.04043e-05
     4.12531           0 1.47139e-05 1.38724e-05
blocco numero 10
   0.0699206   0.0126135  0.00972333 0.000802568
    0.209762   0.0833949   0.0761313   0.0017556
    0.349603    0.206617    0.199105  0.00326199
    0.489444    0.367282    0.355608  0.00330047
    0.629285    0.503978    0.522216  0.00747361
    0.769126     0.66898    0.649437  0.00788789
    0.908968    0.750752    0.752249   0.0047902
     1.04881    0.784223    0.788487  0.00828041
     1.18865    0.736053    0.754672  0.00851808
     1.32849    0.712813    0.701182  0.00733524
     1.46833    0.600615    0.597656  0.00732598
     1.60817     0.50027    0.503574  0.00715344
     1.74801    0.392939    0.393254  0.00670351
     1.88786    0.294249    0.299506  0.00687724
      2.0277    0.209861    0.203521  0.00545012
     2.16754    0.171987    0.138308  0.00419858
     2.30738   0.0804153   0.0860699  0.00241899
     2.44722   0.0399925   0.0510732  0.00183072
     2.58706   0.0197314   0.0305075  0.00250698
      2.7269  0.00966705   0.0181886  0.00174568
     2.86674  0.00301268   0.0098392  0.00119499
     3.00659  0.00152289  0.00558835 0.000925283
     3.14643           0  0.00273127 0.000442964
     3.28627           0  0.00115541 0.000454159
     3.42611           0 0.000294646 0.000152322
     3.56595           0 0.000350927 0.000183804
     3.70579           0  0.00020857 0.000133583
     3.84563           0 0.000139047 0.000131911
     3.98547           0  9.9319e-06 9.42223e-06
     4.12531           0 1.32425e-05  1.2563e-05
blocco numero 11
   0.0699206  0.00930288  0.00968511 0.000730517
    0.209762   0.0739596   0.0759339  0.00160706
    0.349603    0.178245    0.197208  0.00347322
    0.489444    0.334672    0.353705  0.00350654
    0.629285     0.49302    0.519562   0.0072502
    0.769126    0.673648    0.651638  0.00747157
    0.908968    0.727545    0.750003  0.00485271
     1.04881    0.772801    0.787061  0.00764945
     1.18865     0.79336    0.758189  0.00843863
     1.32849    0.752308     0.70583  0.00800663
     1.46833    0.630411    0.600633  0.00723991
     1.60817    0.490934    0.502425  0.00659478
     1.74801    0.396018    0.393505  0.00609881
     1.88786    0.295375    0.299131  0.00626229
      2.0277    0.210027    0.204113  0.00498664
     2.16754    0.135041    0.138011  0.00382739
     2.30738   0.0816071   0.0856642  0.00223285
     2.44722   0.0469117   0.0506948  0.00170294
     2.58706   0.0249622   0.0300034  0.00232921
      2.7269   0.0136398   0.0177751  0.00163522
     2.86674   0.0124149   0.0100734  0.00110905
     3.00659  0.00384034  0.00542944 0.000854703
     3.14643 0.000926978  0.00256725 0.000431997
     3.28627           0  0.00105037 0.000424845
     3.42611           0  0.00026786  0.00014081
     3.56595           0 0.000319025 0.000169841
     3.70579           0 0.000189609 0.000122778
     3.84563           0 0.000126406 0.000120523
     3.98547           0   9.029e-06 8.60882e-06
     4.12531           0 1.20387e-05 1.14784e-05
blocco numero 12
   0.0699206  0.00857454  0.00959256 0.000675478
    0.209762   0.0705496   0.0754852   0.0015345
    0.349603    0.223799    0.199424  0.00382588
    0.489444     0.40009    0.357571  0.00490186
    0.629285    0.523511    0.519891  0.00665348
    0.769126    0.639085    0.650592  0.00692179
    0.908968    0.722082    0.747676  0.00497494
     1.04881    0.731253     0.78241   0.0083063
     1.18865    0.803623    0.761976  0.00854266
     1.32849    0.755321    0.709954   0.0083342
     1.46833    0.598927    0.600491  0.00663798
     1.60817    0.495503    0.501848  0.00607039
     1.74801    0.378174    0.392227  0.00572283
     1.88786     0.27412    0.297047  0.00607737
      2.0277    0.218998    0.205353  0.00472286
     2.16754    0.131167    0.137441  0.00355068
     2.30738   0.0854806   0.0856489  0.00204683
     2.44722   0.0458192   0.0502885  0.00160876
     2.58706   0.0236379   0.0294729  0.00219468
      2.7269   0.0146992   0.0175188  0.00151891
     2.86674  0.00466799  0.00962291  0.00110433
     3.00659  0.00135736   0.0050901 0.000848171
     3.14643 0.000529701  0.00239745 0.000428068
     3.28627           0 0.000962843 0.000398356
     3.42611           0 0.000245539 0.000130833
     3.56595           0 0.000292439 0.000157754
     3.70579           0 0.000173808 0.000113558
     3.84563           0 0.000115872 0.000110939
     3.98547           0 8.27658e-06 7.92423e-06
     4.12531           0 1.10354e-05 1.05656e-05
blocco numero 13
   0.0699206   0.0111899  0.00971544 0.000634595
    0.209762   0.0724367   0.0752507  0.00143427
    0.349603    0.201717    0.199601  0.00353565
    0.489444    0.363177    0.358002  0.00454372
    0.629285    0.529337    0.520618  0.00618123
    0.769126    0.664643    0.651673  0.00647318
    0.908968    0.764392    0.748962  0.00475552
     1.04881    0.746118    0.779619  0.00812297
     1.18865     0.74486    0.760659  0.00798635
     1.32849    0.708443    0.709838  0.00769392
     1.46833    0.630676    0.602813  0.00652082
     1.60817    0.510467    0.502511  0.00563952
     1.74801    0.381451    0.391398  0.00534231
     1.88786     0.25674    0.293946  0.00635174
      2.0277    0.187349    0.203968   0.0045581
     2.16754    0.147787    0.138237  0.00336555
     2.30738     0.10604   0.0872174  0.00241677
     2.44722   0.0570753   0.0508106  0.00156743
     2.58706   0.0293984   0.0294672  0.00202586
      2.7269   0.0151296    0.017335  0.00141315
     2.86674   0.0100643  0.00965686   0.0010199
     3.00659  0.00503216  0.00508564 0.000782938
     3.14643  0.00278093  0.00242695 0.000396154
     3.28627  0.00466799  0.00124785 0.000458472
     3.42611           0 0.000226651 0.000122124
     3.56595           0 0.000269944 0.000147215
     3.70579           0 0.000160438 0.000105607
     3.84563           0 0.000106959 0.000102763
     3.98547           0 7.63992e-06  7.3402e-06
     4.12531           0 1.01866e-05 9.78694e-06
blocco numero 14
   0.0699206  0.00946841  0.00969779 0.000589512
    0.209762   0.0729002   0.0750828  0.00134161
    0.349603    0.220256    0.201076  0.00357772
    0.489444      0.3987    0.360909  0.00506442
    0.629285     0.54599     0.52243  0.00599951
    0.769126    0.634053    0.650414  0.00613194
    0.908968    0.722115    0.747045  0.00478689
     1.04881    0.790116    0.780368  0.00757728
     1.18865    0.759923    0.760606  0.00741606
     1.32849    0.679077    0.707641  0.00745149
     1.46833    0.616374    0.603782  0.00612657
     1.60817    0.485802    0.501317   0.0053615
     1.74801     0.35106    0.388517  0.00568488
     1.88786    0.290177    0.293677  0.00590375
      2.0277    0.211119    0.204479  0.00426105
     2.16754     0.13375    0.137916  0.00314038
     2.30738   0.0969685   0.0879139  0.00234236
     2.44722   0.0558173   0.0511682  0.00149571
     2.58706   0.0373771   0.0300322  0.00195836
      2.7269   0.0212543   0.0176149  0.00133965
     2.86674  0.00830969  0.00956064 0.000951578
     3.00659  0.00387344  0.00499906 0.000731786
     3.14643  0.00119183  0.00233873 0.000377553
     3.28627  0.00195327  0.00129824 0.000428484
     3.42611 0.000827658  0.00026958 0.000120711
     3.56595 0.000297957 0.000271945 0.000136713
     3.70579 0.000331063 0.000172626 9.87645e-05
     3.84563 0.000331063 0.000122966 9.66613e-05
     3.98547 0.000529701   4.493e-05 3.65744e-05
     4.12531   0.0010263 8.27658e-05 7.05271e-05
blocco numero 15
   0.0699206  0.00748203  0.00955008 0.000568418
    0.209762   0.0786276   0.0753191  0.00127281
    0.349603     0.20132    0.201092  0.00333924
    0.489444    0.359038    0.360784  0.00472833
    0.629285    0.481797    0.519721  0.00618092
    0.769126    0.613262    0.647937  0.00620323
    0.908968    0.747276     0.74706  0.00446779
     1.04881    0.802928    0.781872  0.00721985
     1.18865    0.809119    0.763841   0.0075942
     1.32849    0.743602    0.710038  0.00733024
     1.46833     0.61697    0.604661  0.00578087
     1.60817    0.466402     0.49899  0.00548613
     1.74801    0.376088    0.387688  0.00536593
     1.88786    0.290144    0.293441  0.00551486
      2.0277    0.210225    0.204862  0.00399416
     2.16754    0.152984    0.138921  0.00308751
     2.30738   0.0896189   0.0880276  0.00218896
     2.44722   0.0498913   0.0510831  0.00139842
     2.58706   0.0268161   0.0298178   0.0018395
      2.7269   0.0115872   0.0172131  0.00130922
     2.86674  0.00635642  0.00934702 0.000911801
     3.00659  0.00648884  0.00509838 0.000689707
     3.14643  0.00165532  0.00229317 0.000355122
     3.28627 0.000463489  0.00124259 0.000403516
     3.42611 0.000827658 0.000306785 0.000118258
     3.56595           0 0.000253815 0.000128795
     3.70579           0 0.000161118 9.28483e-05
     3.84563           0 0.000114769 9.05642e-05
     3.98547           0 4.19347e-05 3.42585e-05
     4.12531           0 7.72481e-05 6.60408e-05
blocco numero 16
   0.0699206   0.0120838  0.00970843 0.000554512
    0.209762   0.0802829   0.0756294  0.00123049
    0.349603    0.242669    0.203691  0.00401632
    0.489444     0.40254    0.363394  0.00510244
    0.629285    0.564231    0.522503  0.00639005
    0.769126    0.637132    0.647262  0.00585218
    0.908968    0.696723    0.743914   0.0051791
     1.04881    0.808589    0.783542  0.00695902
     1.18865    0.758135    0.763484  0.00712793
     1.32849    0.670569    0.707571  0.00727535
     1.46833    0.563635    0.602097  0.00596116
     1.60817    0.489477    0.498395  0.00517536
     1.74801    0.364004    0.386208  0.00523075
     1.88786    0.265678    0.291706  0.00543631
      2.0277    0.212841    0.205361  0.00377553
     2.16754    0.144311    0.139258  0.00291286
     2.30738    0.100246   0.0887912  0.00218129
     2.44722   0.0590948   0.0515838   0.0013978
     2.58706    0.033305   0.0300357   0.0017374
      2.7269   0.0276107   0.0178629  0.00137928
     2.86674  0.00645574  0.00916632 0.000872537
     3.00659  0.00460178  0.00506734 0.000647299
     3.14643  0.00264851  0.00231537  0.00033362
     3.28627   0.0015891  0.00126425 0.000378877
     3.42611  0.00251608 0.000444866 0.000173684
     3.56595           0 0.000237952 0.000121719
     3.70579           0 0.000151048 8.75896e-05
     3.84563           0 0.000107596 8.51875e-05
     3.98547           0 3.93138e-05 3.22174e-05
     4.12531           0 7.24201e-05 6.20895e-05
blocco numero 17
   0.0699206   0.0120176  0.00984427 0.000538273
    0.209762   0.0865069   0.0762692  0.00131398
    0.349603    0.221647    0.204747  0.00391649
    0.489444    0.342949    0.362191    0.004942
    0.629285    0.536488    0.523326  0.00606689
    0.769126    0.679806    0.649176  0.00581261
    0.908968    0.782568    0.746188  0.00535033
     1.04881    0.796472    0.784303   0.0065911
     1.18865    0.732941    0.761687  0.00693137
     1.32849    0.672588    0.705514  0.00713248
     1.46833    0.567939    0.600087  0.00593947
     1.60817    0.491232    0.497974  0.00488805
     1.74801    0.385424    0.386162  0.00492327
     1.88786    0.292892    0.291776  0.00511697
      2.0277    0.200757     0.20509  0.00356314
     2.16754      0.1167    0.137931  0.00302871
     2.30738   0.0945848    0.089132  0.00207943
     2.44722   0.0642594   0.0523294  0.00150133
     2.58706   0.0382047   0.0305163  0.00170035
      2.7269   0.0117859   0.0175055  0.00134367
     2.86674   0.0116534  0.00931262 0.000833386
     3.00659  0.00648884  0.00515096 0.000614599
     3.14643  0.00244987  0.00232329 0.000314089
     3.28627   0.0010594   0.0012522 0.000356781
     3.42611    0.001556 0.000510227 0.000175335
     3.56595           0 0.000223955 0.000115361
     3.70579           0 0.000142163 8.28867e-05
     3.84563           0 0.000101266 8.04113e-05
     3.98547           0 3.70012e-05 3.04052e-05
     4.12531           0 6.81601e-05 5.85831e-05
blocco numero 18
   0.0699206  0.00764756  0.00972223 0.000522021
    0.209762   0.0870366   0.0768674  0.00137039
    0.349603    0.216184    0.205383   0.0037501
    0.489444    0.400024    0.364293  0.00509483
    0.629285    0.583996    0.526696  0.00660005
    0.769126    0.685467    0.651193  0.00582886
    0.908968    0.728505    0.745205  0.00514249
     1.04881    0.746018    0.782176  0.00655913
     1.18865    0.709105    0.758766  0.00713538
     1.32849    0.669774    0.703528  0.00700714
     1.46833    0.623955    0.601413  0.00575561
     1.60817    0.484743    0.497239  0.00467143
     1.74801    0.398832    0.386866   0.0046998
     1.88786    0.254786    0.289721  0.00522908
      2.0277    0.188872    0.204189  0.00347724
     2.16754    0.136497    0.137851  0.00286149
     2.30738    0.091208   0.0892473   0.0019671
     2.44722   0.0576381   0.0526244   0.0014466
     2.58706   0.0391317   0.0309949   0.0016719
      2.7269   0.0176126   0.0175114  0.00126904
     2.86674  0.00900492  0.00929552 0.000787262
     3.00659  0.00546255  0.00516827 0.000580699
     3.14643  0.00211881  0.00231193 0.000296845
     3.28627  0.00340995  0.00137207  0.00035653
     3.42611   0.0010263 0.000538898 0.000167922
     3.56595  0.00036417 0.000231744 0.000109214
     3.70579 0.000463489 0.000160014 8.01812e-05
     3.84563 0.000496595 0.000123229 7.88863e-05
     3.98547 0.000595914 6.80519e-05 4.16556e-05
     4.12531  0.00099319 0.000119551 7.45353e-05
blocco numero 19
   0.0699206   0.0119845   0.0098413 0.000507943
    0.209762   0.0749859   0.0767684  0.00130184
    0.349603    0.201949    0.205202  0.00355708
    0.489444    0.364997     0.36433  0.00482681
    0.629285    0.566814    0.528808  0.00658176
    0.769126    0.679806    0.652698  0.00571331
    0.908968       0.773    0.746668  0.00507564
     1.04881    0.739231    0.779916  0.00659185
     1.18865    0.731054    0.757308  0.00690729
     1.32849    0.726022    0.704712  0.00673761
     1.46833    0.575289    0.600038  0.00561452
     1.60817    0.498217     0.49729  0.00442585
     1.74801    0.395488     0.38732   0.0044743
     1.88786    0.291071    0.289792  0.00495435
      2.0277    0.218237    0.204928  0.00337192
     2.16754    0.138517    0.137886   0.0027111
     2.30738   0.0727346   0.0883782  0.00204657
     2.44722   0.0331063   0.0515971  0.00169644
     2.58706   0.0224461    0.030545  0.00164333
      2.7269   0.0135736   0.0173042  0.00121905
     2.86674  0.00999811   0.0093325 0.000746695
     3.00659  0.00771378  0.00530224 0.000565379
     3.14643  0.00258229  0.00232616 0.000281563
     3.28627 0.000430382  0.00132251 0.000341193
     3.42611 0.000529701 0.000538414 0.000159085
     3.56595  0.00119183 0.000282275 0.000114561
     3.70579           0 0.000151592 7.64022e-05
     3.84563           0 0.000116743 7.50005e-05
     3.98547           0 6.44702e-05 3.96169e-05
     4.12531           0 0.000113259 7.08775e-05
blocco numero 20
   0.0699206   0.0174139   0.0102199 0.000607491
    0.209762   0.0858116   0.0772205  0.00131293
    0.349603    0.227705    0.206327  0.00355273
    0.489444    0.369136     0.36457  0.00459145
    0.629285     0.53811    0.529273  0.00626909
    0.769126    0.679508    0.654039  0.00558268
    0.908968    0.779257    0.748298  0.00507667
     1.04881    0.772967    0.779568  0.00627141
     1.18865    0.771808    0.758033  0.00659987
     1.32849     0.68497    0.703725  0.00647264
     1.46833    0.586843    0.599379  0.00537242
     1.60817    0.460178    0.495435  0.00457706
     1.74801    0.369698    0.386439  0.00433646
     1.88786    0.281735    0.289389  0.00472298
      2.0277    0.186488    0.204006  0.00332699
     2.16754    0.139643    0.137974  0.00257697
     2.30738   0.0707814   0.0874984  0.00212497
     2.44722   0.0544268   0.0517386   0.0016175
     2.58706   0.0340333   0.0307194  0.00157039
      2.7269   0.0154938   0.0172136  0.00116146
     2.86674  0.00821037   0.0092764 0.000711465
     3.00659  0.00602535   0.0053384 0.000538265
     3.14643  0.00877318  0.00264851 0.000412629
     3.28627  0.00195327  0.00135405 0.000325588
     3.42611           0 0.000511493 0.000153391
     3.56595           0 0.000268161 0.000109699
     3.70579           0 0.000144013 7.29571e-05
     3.84563           0 0.000110906 7.14773e-05
     3.98547           0 6.12467e-05  3.7767e-05
     4.12531           0 0.000107596 6.75594e-05
