1 1 0
2 1.41382 0.00123092
3 1.73161 0.00205153
4 1.99954 0.00293561
5 2.23603 0.00316531
6 2.44964 0.00400421
7 2.64526 0.00486908
8 2.82833 0.00579495
9 3.00033 0.00699078
10 3.16301 0.00835034
11 3.31688 0.00862245
12 3.46528 0.0101091
13 3.60668 0.010658
14 3.74286 0.0114998
15 3.87406 0.0129493
16 4.00097 0.0136565
17 4.12272 0.0150106
18 4.24179 0.0164286
19 4.35708 0.0178742
20 4.47087 0.0183624
21 4.58194 0.0192962
22 4.6905 0.0193951
23 4.79613 0.0200173
24 4.89856 0.0211155
25 5.00008 0.0220751
26 5.09965 0.0233237
27 5.19734 0.0231656
28 5.29234 0.0238205
29 5.38617 0.0240642
30 5.47776 0.0244755
31 5.56776 0.0247794
32 5.65784 0.0267208
33 5.74445 0.0270108
34 5.83102 0.0271447
35 5.91653 0.0271914
36 6.00058 0.0292515
37 6.08334 0.0307636
38 6.16508 0.0324668
39 6.24566 0.0326322
40 6.32445 0.0331061
41 6.40331 0.0342926
42 6.48104 0.0356009
43 6.55776 0.0363543
44 6.63304 0.0389214
45 6.7085 0.0397669
46 6.78278 0.039623
47 6.8559 0.0426037
48 6.92806 0.0425758
49 6.99962 0.044649
50 7.07135 0.0454985
51 7.14165 0.047041
52 7.21073 0.0476483
53 7.27964 0.0485271
54 7.34802 0.0495386
55 7.41621 0.0500031
56 7.48343 0.0513866
57 7.54962 0.053129
58 7.61524 0.0540361
59 7.68094 0.0553238
60 7.74595 0.0574542
61 7.81018 0.0563377
62 7.87336 0.0563966
63 7.93665 0.0574714
64 7.99844 0.0581876
65 8.06083 0.058132
66 8.12357 0.0574231
67 8.18512 0.057689
68 8.24533 0.0584967
69 8.3063 0.0593832
70 8.36555 0.0588792
71 8.42508 0.0577857
72 8.48433 0.0594134
73 8.54285 0.0593072
74 8.60081 0.0601174
75 8.65778 0.0597748
76 8.71564 0.0613978
77 8.7735 0.063675
78 8.83066 0.0640211
79 8.88679 0.0647907
80 8.94271 0.0663549
81 8.99814 0.0643436
82 9.05377 0.0659221
83 9.10823 0.0672442
84 9.16291 0.0677418
85 9.21695 0.0671043
86 9.27109 0.0665484
87 9.32467 0.0673471
88 9.37804 0.0676364
89 9.43044 0.06772
90 9.48401 0.0704284
91 9.5374 0.0703356
92 9.58844 0.0731749
93 9.64117 0.0725029
94 9.6932 0.0732992
95 9.74502 0.0737343
96 9.7968 0.0774144
97 9.84775 0.0742777
98 9.89842 0.0750613
99 9.94861 0.0766234
100 9.999 0.0762123
