1 1 0
2 1.41412 0.00104981
3 1.73135 0.0018549
4 1.99948 0.00261329
5 2.235 0.00365194
6 2.44878 0.00484477
7 2.64454 0.00573248
8 2.82653 0.00635466
9 2.99833 0.0069878
10 3.16066 0.00760197
11 3.31535 0.00782335
12 3.46249 0.00875801
13 3.6042 0.00922819
14 3.74007 0.00998479
15 3.87109 0.0110614
16 3.99896 0.0121121
17 4.12236 0.0131179
18 4.24123 0.0143812
19 4.35714 0.0150851
20 4.47077 0.0166328
21 4.58095 0.0176441
22 4.6886 0.0191541
23 4.79417 0.0203873
24 4.89771 0.0216351
25 4.99905 0.0224199
26 5.09853 0.0239002
27 5.19529 0.024287
28 5.29033 0.0253717
29 5.38391 0.0261162
30 5.4759 0.0270314
31 5.56818 0.0283327
32 5.65757 0.0290707
33 5.74535 0.0302721
34 5.83124 0.0305868
35 5.91617 0.0306017
36 6.00058 0.0321863
37 6.08309 0.0335697
38 6.16666 0.0328103
39 6.24728 0.033211
40 6.32694 0.0350478
41 6.40512 0.0357966
42 6.48299 0.0351141
43 6.5605 0.035946
44 6.63579 0.0368167
45 6.71013 0.0371874
46 6.7835 0.038907
47 6.85661 0.039196
48 6.92812 0.0415777
49 6.9995 0.0429956
50 7.07024 0.0430471
51 7.13992 0.0427446
52 7.21038 0.0436496
53 7.28009 0.0437096
54 7.34915 0.0445137
55 7.41655 0.0448473
56 7.48376 0.0469286
57 7.5499 0.0483371
58 7.61523 0.0484816
59 7.68057 0.0497585
60 7.7454 0.051802
61 7.80917 0.0536423
62 7.87355 0.0550329
63 7.93597 0.0546921
64 7.99897 0.0566004
65 8.06165 0.0564193
66 8.12317 0.0561472
67 8.18506 0.0576342
68 8.24494 0.0581374
69 8.3056 0.0604076
70 8.36508 0.0594971
71 8.42401 0.0591139
72 8.48279 0.0602137
73 8.54155 0.0610894
74 8.59858 0.0623144
75 8.65665 0.0637753
76 8.71443 0.0652767
77 8.77292 0.0646573
78 8.82981 0.0659549
79 8.88573 0.0667192
80 8.94145 0.0666287
81 8.9973 0.0673936
82 9.05187 0.0660498
83 9.1069 0.0660551
84 9.16118 0.0680277
85 9.21549 0.069885
86 9.27003 0.0710406
87 9.32363 0.0733208
88 9.37727 0.0739404
89 9.43005 0.0742611
90 9.48427 0.0765028
91 9.53685 0.0779811
92 9.58881 0.0795305
93 9.64154 0.0792669
94 9.69356 0.0803962
95 9.74485 0.0817461
96 9.79643 0.0797844
97 9.84784 0.0817323
98 9.89869 0.0833807
99 9.94772 0.0837487
100 9.99913 0.0845396
