10000 14.9715 0 14.9962 0
20000 14.9888 0.0172834 14.9073 0.0889395
30000 15.0269 0.039411 14.9759 0.0857461
40000 14.9711 0.0623878 15.0609 0.104389
50000 15.0065 0.0599122 15.0129 0.0940356
60000 15.0078 0.0489346 15.0677 0.0943209
70000 15.0009 0.0419135 15.0705 0.079765
80000 14.9435 0.0679435 15.0398 0.0755959
90000 14.9274 0.0620571 15.0163 0.0706873
100000 14.9424 0.0574959 15.0187 0.0632698
110000 14.9482 0.0523311 14.9911 0.0635282
120000 14.9973 0.0684933 14.9774 0.0595808
130000 14.987 0.0638401 14.9777 0.0548068
140000 14.9899 0.0591778 14.9772 0.0507432
150000 14.9915 0.0551137 14.9727 0.0474587
160000 14.9808 0.0526433 14.9968 0.0505512
170000 14.9832 0.0495056 14.9901 0.0479596
180000 14.9954 0.0482581 14.9912 0.0452291
190000 15.0075 0.047205 14.9796 0.044308
200000 15.011 0.0449233 14.9869 0.0426644
210000 15.0299 0.0467206 14.994 0.0411862
220000 15.0201 0.0456216 14.9983 0.0395073
230000 15.0052 0.0460511 15.0061 0.0385573
240000 15.0016 0.04424 15.0107 0.0371988
250000 14.9998 0.0424721 15.0106 0.0356799
260000 15.0119 0.0425555 15.0072 0.0344562
270000 15.0156 0.0411235 15.0024 0.0335012
280000 15.0109 0.0399134 14.9939 0.0333671
290000 15.0089 0.0385625 15.0146 0.038242
300000 15.012 0.0373805 15.0253 0.0384649
310000 15.0055 0.0367241 15.026 0.03721
320000 14.999 0.0361459 15.0196 0.0365831
330000 15.0064 0.0358017 15.0105 0.036608
340000 15.004 0.0348131 15.0062 0.0357717
350000 15.0009 0.0339453 15.01 0.0349353
360000 15.0006 0.0329909 15.0111 0.0339698
370000 15.0085 0.0330526 15.0151 0.0332828
380000 15.0126 0.032431 15.021 0.032931
390000 15.0124 0.0315893 15.01 0.0339281
400000 15.0168 0.0311008 15.0133 0.033235
410000 15.0121 0.0306917 15.0127 0.0324196
420000 15.0071 0.0303582 15.0079 0.0319971
430000 15.0039 0.0298155 15.0047 0.0314117
440000 14.9979 0.0297616 15.0068 0.0307626
450000 14.9985 0.0290991 15.0048 0.0301404
460000 14.9978 0.0284667 15.0062 0.0295127
470000 15.0005 0.0279851 15.0071 0.0288906
480000 15.0045 0.0276781 15.013 0.0289011
490000 15.0045 0.0271074 15.0136 0.0283113
500000 14.9994 0.0270408 15.0141 0.0277438
510000 15.0005 0.0265249 15.0117 0.0272991
520000 15.0001 0.0260124 15.0049 0.0276274
530000 15.0049 0.0259717 14.9957 0.0286061
540000 15.0082 0.0256957 14.9986 0.0282217
550000 15.0075 0.0252348 14.9958 0.0278464
560000 15.0087 0.0248087 14.9935 0.027444
570000 15.0139 0.0249156 14.9955 0.0270331
580000 15.0143 0.0244873 14.9926 0.0267173
590000 15.0194 0.0245986 14.9922 0.0262644
600000 15.0261 0.0250867 14.9935 0.0258585
610000 15.0345 0.0260499 14.9916 0.0255081
620000 15.0298 0.0260438 14.99 0.0251426
630000 15.0262 0.0258811 14.9907 0.0247504
640000 15.0255 0.0254841 14.9887 0.0244402
650000 15.0234 0.0251767 14.9896 0.0240794
660000 15.0237 0.0247943 14.9926 0.023891
670000 15.0229 0.0244347 14.9917 0.0235493
680000 15.0258 0.0242561 14.9907 0.0232185
690000 15.0211 0.0243673 14.9882 0.0230152
700000 15.021 0.024017 14.9862 0.0227736
710000 15.0183 0.023823 14.9866 0.0224543
720000 15.0215 0.0236976 14.9859 0.0221522
730000 15.0184 0.0235698 14.9837 0.0219611
740000 15.0194 0.0232712 14.9816 0.021762
750000 15.0182 0.022992 14.9831 0.0215209
760000 15.0189 0.0226982 14.9842 0.021265
770000 15.021 0.0225002 14.985 0.0210044
780000 15.0186 0.0223365 14.9866 0.0207904
790000 15.0207 0.0221537 14.9902 0.0208417
800000 15.0178 0.0220664 14.988 0.0207006
810000 15.021 0.0220222 14.9867 0.020485
820000 15.018 0.0219636 14.9856 0.0202593
830000 15.0168 0.0217281 14.9834 0.0201385
840000 15.0182 0.021513 14.9866 0.0201465
850000 15.0197 0.0213132 14.9888 0.0200313
860000 15.0223 0.0212155 14.9889 0.0197975
870000 15.0223 0.0209703 14.9874 0.0196284
880000 15.0205 0.0208066 14.9864 0.0194272
890000 15.0185 0.0206745 14.9839 0.0193745
900000 15.0184 0.0204438 14.9794 0.0196769
910000 15.016 0.0203576 14.9796 0.0194606
920000 15.016 0.0201351 14.9798 0.0192485
930000 15.0203 0.0203888 14.9823 0.019211
940000 15.0224 0.0202748 14.9805 0.0190902
950000 15.0201 0.020186 14.9814 0.0189069
960000 15.0187 0.0200287 14.9755 0.0196117
970000 15.0202 0.01988 14.9795 0.0198254
980000 15.0198 0.0196799 14.9818 0.0197558
990000 15.0194 0.019485 14.9787 0.019803
1000000 15.0212 0.0193746 14.9779 0.0196197
