10000 5.53137 0 5.54688 0
20000 5.42828 0.103097 5.50901 0.0378668
30000 5.47732 0.0771258 5.52473 0.026924
40000 5.49933 0.0588116 5.48931 0.0402066
50000 5.4694 0.0545095 5.46907 0.0371469
60000 5.49176 0.0498051 5.4487 0.0365313
70000 5.48572 0.0425238 5.46802 0.0364186
80000 5.4814 0.0370786 5.47896 0.0333832
90000 5.48265 0.0327239 5.48499 0.0300526
100000 5.47507 0.0302336 5.47739 0.0279333
110000 5.47619 0.0273701 5.47616 0.0252964
120000 5.47715 0.0250037 5.47848 0.0232082
130000 5.4679 0.0247893 5.47793 0.0213556
140000 5.47385 0.0237087 5.4795 0.0198335
150000 5.48229 0.0236307 5.47606 0.0187806
160000 5.47555 0.0231081 5.46792 0.0193629
170000 5.4715 0.0220809 5.47487 0.0194693
180000 5.46861 0.0210177 5.4715 0.0186621
190000 5.4783 0.0221157 5.47119 0.0176552
200000 5.47464 0.021298 5.47394 0.0169733
210000 5.46997 0.0207896 5.47447 0.0161535
220000 5.47233 0.019962 5.47222 0.0155655
230000 5.47167 0.0190858 5.47138 0.014897
240000 5.47602 0.0187852 5.47163 0.0142649
250000 5.47569 0.0180212 5.47261 0.0137177
260000 5.47746 0.0174042 5.47273 0.01318
270000 5.48488 0.0183186 5.4714 0.0127524
280000 5.48196 0.0178921 5.47172 0.0122926
290000 5.47711 0.0179334 5.46775 0.0125066
300000 5.47256 0.0179125 5.46753 0.0120846
310000 5.46986 0.0175343 5.46561 0.0118444
320000 5.47162 0.017069 5.47116 0.0127404
330000 5.47022 0.0166032 5.4723 0.0124008
340000 5.46839 0.016211 5.47089 0.0121134
350000 5.46873 0.0157446 5.46727 0.0123044
360000 5.46784 0.0153268 5.46505 0.0121634
370000 5.46644 0.0149722 5.46371 0.0119051
380000 5.46887 0.0147744 5.46065 0.0119845
390000 5.46577 0.0147203 5.46261 0.0118364
400000 5.4657 0.0143477 5.46163 0.0115785
410000 5.46375 0.0141291 5.46215 0.0113045
420000 5.46367 0.0137888 5.46048 0.0111578
430000 5.46101 0.0137257 5.46204 0.0110069
440000 5.45982 0.0134624 5.46157 0.0107643
450000 5.46016 0.013164 5.46201 0.0105318
460000 5.45765 0.0131166 5.46325 0.0103747
470000 5.46053 0.0131537 5.46567 0.010434
480000 5.4621 0.0129718 5.4648 0.0102512
490000 5.46355 0.0127875 5.46236 0.0103318
500000 5.46311 0.0125369 5.46186 0.0101355
510000 5.46531 0.0124841 5.46259 0.00996152
520000 5.46531 0.0122417 5.46443 0.00994121
530000 5.46534 0.0120085 5.46625 0.0099201
540000 5.46131 0.0124555 5.4646 0.00987312
550000 5.46203 0.012248 5.46242 0.00993554
560000 5.46142 0.0120424 5.46411 0.00990172
570000 5.46382 0.0120699 5.46398 0.00972725
580000 5.46368 0.0118608 5.46211 0.00973932
590000 5.46217 0.0117562 5.46143 0.00959742
600000 5.46166 0.0115697 5.46036 0.00949629
610000 5.46156 0.0113789 5.46337 0.0098118
620000 5.45983 0.0113264 5.46456 0.00972618
630000 5.46135 0.011248 5.4604 0.0104355
640000 5.46369 0.0113152 5.46073 0.0102762
650000 5.46247 0.0112058 5.46227 0.0102335
660000 5.46016 0.0112749 5.46205 0.0100797
670000 5.45923 0.0111445 5.46161 0.00993776
680000 5.46076 0.0110852 5.46143 0.00979215
690000 5.45967 0.010977 5.46217 0.00967745
700000 5.45877 0.0108569 5.46135 0.00957355
710000 5.45791 0.0107368 5.46078 0.00945456
720000 5.45953 0.0107094 5.46015 0.00934365
730000 5.46053 0.0106085 5.46132 0.00928893
740000 5.46268 0.0106828 5.46155 0.0091653
750000 5.46163 0.0105907 5.46114 0.00905157
760000 5.46162 0.0104504 5.46035 0.00896686
770000 5.46045 0.0103802 5.46077 0.00885969
780000 5.46071 0.0102497 5.4613 0.00876151
790000 5.45893 0.0102754 5.46036 0.00870034
800000 5.45795 0.0101931 5.46141 0.00865438
810000 5.45513 0.0104535 5.4599 0.00867882
820000 5.45459 0.0103394 5.46262 0.00899291
830000 5.45462 0.0102141 5.46298 0.00889117
840000 5.45457 0.0100919 5.46242 0.00880264
850000 5.45297 0.0101002 5.46051 0.00890516
860000 5.45183 0.0100468 5.45971 0.00883768
870000 5.45152 0.00993579 5.46128 0.00887629
880000 5.45207 0.00983812 5.46055 0.00880534
890000 5.45399 0.00991281 5.4612 0.00873045
900000 5.45345 0.00981688 5.46257 0.00874047
910000 5.45454 0.00977013 5.4604 0.00891159
920000 5.45617 0.00979993 5.45948 0.00886206
930000 5.45456 0.00982652 5.45919 0.00877128
940000 5.4548 0.00972423 5.45939 0.0086799
950000 5.45755 0.0100058 5.45966 0.00859235
960000 5.45854 0.00995078 5.46022 0.00852026
970000 5.45874 0.00984972 5.45903 0.00851509
980000 5.45898 0.00975175 5.45788 0.00850504
990000 5.45881 0.00965431 5.45777 0.00841951
1000000 5.46037 0.00968343 5.45887 0.00840748
