108.68 1
108.8 2
96.94 3
111.98 4
98.02 5
85.94 6
96 7
90.66 8
86.8 9
93.14 10
113.94 11
137.94 12
89.8 13
86.92 14
86.82 15
125.02 16
98.94 17
98.74 18
90.5 19
112.02 20
118.5 21
95.98 22
86.7 23
100.62 24
86.44 25
84.04 26
98.72 27
87.96 28
98.68 29
92.32 30
107.78 31
104.84 32
93.78 33
104.24 34
80.7 35
91.24 36
82.46 37
118.02 38
92.82 39
85.04 40
104.48 41
90.96 42
126.68 43
116.28 44
111.04 45
130 46
128.52 47
81.16 48
93.04 49
97.82 50
100.14 51
80.86 52
126.4 53
104.68 54
101.4 55
123.82 56
75.84 57
89.12 58
81.98 59
105.64 60
122.96 61
101.4 62
90.96 63
74.16 64
90.2 65
72.72 66
84.36 67
88.18 68
105.32 69
97.92 70
78.56 71
71.86 72
100.68 73
83.42 74
90.18 75
72.66 76
86.04 77
100.04 78
89.4 79
98.62 80
96.86 81
83.46 82
94.84 83
76.88 84
86.96 85
101.48 86
82.06 87
111.82 88
85.9 89
91.76 90
130.76 91
96.8 92
112.34 93
97.66 94
108.66 95
80.86 96
111.92 97
129.92 98
134.44 99
108.98 100
