108.68 0 1
108.74 0.06 2
104.807 3.93349 3
106.6 3.30941 4
104.884 3.0848 5
101.727 4.0389 6
100.909 3.51016 7
99.6275 3.2988 8
98.2022 3.23964 9
97.696 2.94151 10
99.1727 3.04303 11
102.403 4.26069 12
101.434 4.03739 13
100.397 3.879 14
99.492 3.72286 15
101.088 3.83052 16
100.961 3.60036 17
100.838 3.3967 18
100.294 3.2587 19
100.88 3.14658 20
101.719 3.10838 21
101.458 2.97518 22
100.817 2.9144 23
100.808 2.79034 24
100.234 2.73741 25
99.6108 2.70276 26
99.5778 2.60094 27
99.1629 2.54044 28
99.1462 2.45133 29
98.9187 2.37912 30
99.2045 2.31878 31
99.3806 2.25205 32
99.2109 2.18932 33
99.3588 2.1291 34
98.8257 2.135 35
98.615 2.08552 36
98.1784 2.07483 37
98.7005 2.08591 38
98.5497 2.0373 39
98.212 2.01424 40
98.3649 1.97043 41
98.1886 1.93101 42
98.8512 1.9986 43
99.2473 1.99242 44
99.5093 1.96519 45
100.172 2.03308 46
100.775 2.07878 47
100.367 2.07564 48
100.217 2.03833 49
100.169 1.99772 50
100.169 1.95816 51
99.7973 1.9557 52
100.299 1.98303 53
100.38 1.94765 54
100.399 1.912 55
100.817 1.92356 56
100.379 1.93966 57
100.185 1.91578 58
99.8763 1.90815 59
99.9723 1.87853 60
100.349 1.88552 61
100.366 1.85494 62
100.217 1.83135 63
99.8097 1.84792 64
99.6618 1.82527 65
99.2536 1.84317 66
99.0313 1.82901 67
98.8718 1.80896 68
98.9652 1.785 69
98.9503 1.75938 70
98.6631 1.75804 71
98.2908 1.77297 72
98.3236 1.74882 73
98.1222 1.73675 74
98.0163 1.7167 75
97.6826 1.72651 76
97.5314 1.71063 77
97.5636 1.68886 78
97.4603 1.67055 79
97.4747 1.6496 80
97.4672 1.62912 81
97.2963 1.61817 82
97.2667 1.59883 83
97.024 1.59822 84
96.9056 1.58374 85
96.9588 1.56612 86
96.7876 1.55745 87
96.9584 1.5491 88
96.8342 1.53663 89
96.7778 1.52051 90
97.1512 1.54938 91
97.1474 1.53245 92
97.3108 1.52466 93
97.3145 1.50836 94
97.4339 1.49717 95
97.2612 1.49151 96
97.4124 1.48377 97
97.7441 1.50555 98
98.1147 1.53567 99
98.2234 1.52412 100
