#     BLOCK:   ACTUAL_TE:    TE_AVE:      ERROR:
# Temperatura= 0.5
           1    -0.95912    -0.95912           0
           2    -0.98448     -0.9718  0.00896611
           3    -0.97788   -0.973827  0.00620223
           4    -0.95164    -0.96828  0.00668672
           5    -0.96872   -0.968368  0.00534995
           6    -0.96972   -0.968593  0.00446304
           7    -0.99144   -0.971857  0.00487492
           8     -0.9736   -0.972075  0.00427042
           9    -0.99856   -0.975018  0.00470179
          10    -0.96924    -0.97444  0.00426696
          11    -0.96432    -0.97352    0.003977
          12    -0.96216   -0.972573  0.00375656
          13    -0.99224   -0.974086  0.00375989
          14     -0.9922    -0.97538  0.00370727
          15    -0.96188    -0.97448  0.00356769
          16    -0.96532   -0.973908  0.00339033
          17       -0.97   -0.973678  0.00319868
          18    -0.98808   -0.974478  0.00311945
          19    -0.97104   -0.974297  0.00296051
          20    -0.98172   -0.974668  0.00283565
# Temperatura= 0.6
           1    -0.92776    -0.92776           0
           2    -0.92236    -0.92506  0.00190919
           3    -0.93448     -0.9282  0.00286235
           4    -0.95296    -0.93439  0.00577457
           5    -0.92808   -0.933128  0.00475556
           6    -0.95076   -0.936067  0.00478556
           7    -0.94756   -0.937709  0.00437451
           8    -0.94932    -0.93916  0.00406135
           9    -0.93224   -0.938391  0.00368216
          10    -0.92292   -0.936844  0.00362442
          11    -0.93408   -0.936593  0.00330362
          12    -0.93628   -0.936567  0.00302842
          13     -0.9224   -0.935477   0.0029851
          14    -0.93748    -0.93562  0.00277531
          15    -0.92584   -0.934968  0.00266577
          16     -0.9552   -0.936233  0.00278296
          17     -0.9384    -0.93636  0.00262217
          18    -0.93404   -0.936231  0.00247966
          19    -0.94196   -0.936533  0.00236741
          20    -0.95268    -0.93734  0.00238274
# Temperatura= 0.7
           1    -0.90276    -0.90276           0
           2    -0.89748    -0.90012  0.00186676
           3     -0.9092   -0.903147  0.00276694
           4     -0.8984    -0.90196  0.00231573
           5      -0.895   -0.900568  0.00223208
           6     -0.9066   -0.901573  0.00207415
           7    -0.88964   -0.899869  0.00237734
           8    -0.89568   -0.899345  0.00213705
           9    -0.90288   -0.899738  0.00193536
          10    -0.89248   -0.899012  0.00187297
          11    -0.88064   -0.897342  0.00233133
          12      -0.891   -0.896813  0.00219614
          13     -0.8962   -0.896766  0.00202771
          14    -0.88456   -0.895894  0.00206181
          15    -0.88892   -0.895429  0.00197609
          16    -0.89008   -0.895095  0.00188065
          17    -0.89148   -0.894882  0.00178201
          18    -0.88276   -0.894209  0.00180579
          19    -0.91376   -0.895238  0.00198237
          20     -0.8948   -0.895216  0.00188337
# Temperatura= 0.8
           1    -0.83932    -0.83932           0
           2    -0.85336    -0.84634  0.00496389
           3     -0.8384   -0.843693  0.00395235
           4    -0.85152    -0.84565  0.00341442
           5     -0.8626    -0.84904  0.00408105
           6     -0.8396   -0.847467  0.00369172
           7     -0.8554     -0.8486  0.00333376
           8    -0.83608   -0.847035  0.00326377
           9     -0.8582   -0.848276  0.00312802
          10    -0.84696   -0.848144  0.00281798
          11    -0.85428   -0.848702  0.00261643
          12    -0.85848   -0.849517  0.00252209
          13    -0.83104   -0.848095  0.00269901
          14     -0.8328   -0.847003  0.00271836
          15    -0.85084   -0.847259  0.00254915
          16    -0.85532   -0.847762  0.00243911
          17    -0.85424   -0.848144   0.0023252
          18    -0.85056   -0.848278   0.0021999
          19    -0.85248   -0.848499   0.0020952
          20    -0.84596   -0.848372  0.00199428
# Temperatura= 0.9
           1    -0.80996    -0.80996           0
           2     -0.7998    -0.80488   0.0035921
           3    -0.80796   -0.805907  0.00253721
           4    -0.81016    -0.80697  0.00211402
           5    -0.79376   -0.804328  0.00290591
           6    -0.80764    -0.80488  0.00247347
           7    -0.79556   -0.803549  0.00245242
           8    -0.80204    -0.80336   0.0021531
           9    -0.81808   -0.804996  0.00245779
          10    -0.80588   -0.805084   0.0022136
          11    -0.80268   -0.804865  0.00202312
          12    -0.80928   -0.805233  0.00188768
          13    -0.80492   -0.805209  0.00174263
          14    -0.81232   -0.805717  0.00169055
          15    -0.81036   -0.806027  0.00160593
          16    -0.79308   -0.805217  0.00169722
          17    -0.82028   -0.806104  0.00181397
          18    -0.80408   -0.805991  0.00171668
          19    -0.80304   -0.805836  0.00163334
          20    -0.80768   -0.805928  0.00155427
# Temperatura= 1
           1    -0.76044    -0.76044           0
           2    -0.75384    -0.75714  0.00233345
           3    -0.76768   -0.760653  0.00326328
           4    -0.74696    -0.75723  0.00384441
           5    -0.76216   -0.758216  0.00319947
           6    -0.75612   -0.757867  0.00268523
           7     -0.7656   -0.758971  0.00251865
           8    -0.75656    -0.75867  0.00222179
           9    -0.76716   -0.759613  0.00216595
          10    -0.76224   -0.759876  0.00196521
          11     -0.7648   -0.760324  0.00183683
          12     -0.7554   -0.759913  0.00172898
          13     -0.7622   -0.760089   0.0016049
          14    -0.76872   -0.760706  0.00160431
          15    -0.76384   -0.760915   0.0015109
          16    -0.76376   -0.761092   0.0014269
          17    -0.76104   -0.761089  0.00134296
          18    -0.75624    -0.76082   0.0012951
          19    -0.75952   -0.760752  0.00122874
          20    -0.75632    -0.76053  0.00118711
# Temperatura= 1.1
           1    -0.71432    -0.71432           0
           2    -0.73124    -0.72278  0.00598212
           3    -0.72192   -0.722493  0.00399494
           4     -0.7258    -0.72332  0.00308055
           5      -0.721   -0.722856  0.00249914
           6    -0.72548   -0.723293  0.00212054
           7    -0.72844   -0.724029  0.00194088
           8    -0.72088   -0.723635  0.00173772
           9    -0.72584    -0.72388  0.00156182
          10    -0.73044   -0.724536  0.00153724
          11    -0.72464   -0.724545  0.00139752
          12     -0.7242   -0.724517  0.00128136
          13    -0.72092    -0.72424  0.00121229
          14    -0.72104   -0.724011  0.00114705
          15      -0.719   -0.723677  0.00111817
          16     -0.7224   -0.723597  0.00105113
          17    -0.72532   -0.723699 0.000994173
          18    -0.72656   -0.723858 0.000951564
          19    -0.71744    -0.72352 0.000959561
          20     -0.7204   -0.723364 0.000924177
# Temperatura= 1.2
           1    -0.67864    -0.67864           0
           2    -0.68332    -0.68098  0.00165463
           3    -0.67468    -0.67888  0.00203882
           4    -0.67788    -0.67863  0.00154437
           5    -0.68504   -0.679912  0.00168561
           6    -0.68516   -0.680787  0.00161575
           7    -0.68796   -0.681811  0.00167873
           8    -0.68396    -0.68208  0.00149022
           9     -0.6746   -0.681249  0.00153905
          10    -0.68948   -0.682072  0.00159009
          11    -0.67632   -0.681549   0.0015291
          12    -0.67968   -0.681393  0.00140958
          13    -0.67848   -0.681169  0.00131885
          14     -0.6762   -0.680814  0.00127151
          15    -0.68608   -0.681165  0.00123425
          16    -0.68532   -0.681425  0.00118411
          17     -0.6788   -0.681271  0.00112448
          18    -0.67924   -0.681158  0.00106765
          19     -0.6834   -0.681276  0.00101796
          20    -0.68364   -0.681394 0.000973905
# Temperatura= 1.3
           1    -0.64488    -0.64488           0
           2    -0.64204    -0.64346  0.00100409
           3    -0.65108      -0.646  0.00217926
           4     -0.6516     -0.6474  0.00203504
           5    -0.65204   -0.648328  0.00182741
           6    -0.65752    -0.64986  0.00206759
           7     -0.6508   -0.649994  0.00177657
           8    -0.65284    -0.65035  0.00158971
           9     -0.6424   -0.649467  0.00164023
          10    -0.64996   -0.649516  0.00147695
          11    -0.64432   -0.649044  0.00141621
          12    -0.64772   -0.648933  0.00130248
          13    -0.64316   -0.648489  0.00127576
          14    -0.64596   -0.648309  0.00119735
          15    -0.64896   -0.648352  0.00111832
          16    -0.65132   -0.648537   0.0010637
          17    -0.64536   -0.648351  0.00101742
          18    -0.65136   -0.648518 0.000974532
          19    -0.64524   -0.648345 0.000938386
          20      -0.652   -0.648528 0.000909086
# Temperatura= 1.4
           1     -0.6088     -0.6088           0
           2    -0.61924    -0.61402   0.0036911
           3    -0.62264   -0.616893  0.00339989
           4    -0.60404    -0.61368  0.00377441
           5    -0.61524   -0.613992   0.0030324
           6    -0.61572    -0.61428  0.00254064
           7    -0.61976   -0.615063  0.00229514
           8    -0.61048    -0.61449  0.00207851
           9    -0.61268   -0.614289  0.00185726
          10    -0.61456   -0.614316  0.00167174
          11    -0.60956   -0.613884  0.00157468
          12     -0.6218   -0.614543  0.00157559
          13     -0.6216   -0.615086  0.00154507
          14    -0.61624   -0.615169  0.00143691
          15    -0.61496   -0.615155  0.00134118
          16     -0.6068   -0.614632   0.0013552
          17    -0.61148   -0.614447  0.00128811
          18     -0.6148   -0.614467  0.00121669
          19    -0.62224   -0.614876   0.0012195
          20    -0.60868   -0.614566  0.00119723
# Temperatura= 1.5
           1       -0.59       -0.59           0
           2    -0.58976    -0.58988 8.48528e-05
           3    -0.57688   -0.585547   0.0035386
           4    -0.59196    -0.58715  0.00299524
           5     -0.5828    -0.58628  0.00251938
           6    -0.58576   -0.586193  0.00210097
           7    -0.58016   -0.585331  0.00196971
           8    -0.58068    -0.58475  0.00180727
           9    -0.58612   -0.584902  0.00161286
          10    -0.57964   -0.584376  0.00153502
          11    -0.57788   -0.583785  0.00150479
          12    -0.57164   -0.582773  0.00168575
          13    -0.57728   -0.582351  0.00160816
          14    -0.58656   -0.582651  0.00152114
          15    -0.58072   -0.582523  0.00142517
          16    -0.58048   -0.582395   0.0013418
          17     -0.5876   -0.582701  0.00129734
          18    -0.58152   -0.582636  0.00122692
          19    -0.58128   -0.582564  0.00116442
          20    -0.58528     -0.5827  0.00111409
# Temperatura= 1.6
           1    -0.55292    -0.55292           0
           2     -0.5564    -0.55466  0.00123037
           3    -0.55956   -0.556293  0.00156567
           4    -0.55412    -0.55575  0.00126502
           5    -0.55404   -0.555408  0.00105724
           6     -0.5488   -0.554307  0.00133678
           7    -0.55232   -0.554023  0.00117556
           8      -0.554    -0.55402  0.00102862
           9    -0.55496   -0.554124 0.000919612
          10     -0.5496   -0.553672 0.000932331
          11    -0.54464   -0.552851  0.00115381
          12    -0.55584     -0.5531  0.00108422
          13    -0.55276   -0.553074  0.00100113
          14    -0.54808   -0.552717 0.000991132
          15    -0.55636    -0.55296 0.000954346
          16    -0.55816   -0.553285 0.000948426
          17    -0.54948   -0.553061 0.000918667
          18     -0.5526   -0.553036 0.000867987
          19    -0.55312    -0.55304 0.000822315
          20    -0.55312   -0.553044 0.000781209
# Temperatura= 1.7
           1    -0.53304    -0.53304           0
           2      -0.529    -0.53102  0.00142836
           3    -0.52824   -0.530093  0.00121624
           4    -0.53548    -0.53144  0.00148061
           5    -0.53464    -0.53208  0.00131556
           6    -0.53328    -0.53228   0.0011114
           7    -0.52664   -0.531474  0.00120993
           8     -0.5296    -0.53124  0.00108113
           9    -0.52068   -0.530067  0.00146536
          10    -0.52944   -0.530004  0.00132016
          11    -0.53024   -0.530025  0.00120032
          12    -0.53084   -0.530093  0.00110221
          13     -0.5244   -0.529655    0.001101
          14    -0.52928   -0.529629  0.00102268
          15    -0.52392   -0.529248  0.00102287
          16    -0.53508   -0.529613  0.00102182
          17    -0.52776   -0.529504 0.000967508
          18    -0.52812   -0.529427 0.000916806
          19    -0.52488   -0.529187 0.000899241
          20    -0.53248   -0.529352 0.000869218
# Temperatura= 1.8
           1     -0.4998     -0.4998           0
           2    -0.50424    -0.50202  0.00156978
           3    -0.50636   -0.503467  0.00157811
           4    -0.50324    -0.50341   0.0011846
           5     -0.5026   -0.503248 0.000958692
           6    -0.51296   -0.504867  0.00167978
           7    -0.50188    -0.50444  0.00149302
           8        -0.5   -0.503885  0.00140576
           9    -0.51428    -0.50504  0.00165747
          10    -0.51644    -0.50618  0.00184252
          11    -0.50712   -0.506265    0.001677
          12    -0.50364   -0.506047  0.00155146
          13    -0.50408   -0.505895  0.00143947
          14    -0.51124   -0.506277  0.00138635
          15    -0.49304   -0.505395  0.00154955
          16    -0.50436    -0.50533  0.00145405
          17    -0.49844   -0.504925  0.00142388
          18    -0.50136   -0.504727  0.00135848
          19     -0.5102   -0.505015  0.00131717
          20    -0.50152    -0.50484  0.00126285
# Temperatura= 1.9
           1    -0.48644    -0.48644           0
           2    -0.47724    -0.48184  0.00325269
           3    -0.48516   -0.482947  0.00234919
           4    -0.47908    -0.48198  0.00195067
           5    -0.48132   -0.481848  0.00156499
           6      -0.479   -0.481373  0.00137426
           7    -0.48444   -0.481811  0.00124581
           8    -0.49036    -0.48288  0.00147899
           9    -0.48108    -0.48268  0.00132811
          10    -0.48108    -0.48252   0.0012049
          11     -0.4898   -0.483182  0.00126412
          12     -0.4838   -0.483233  0.00115983
          13    -0.48044   -0.483018  0.00109033
          14    -0.48156   -0.482914  0.00101741
          15    -0.47808   -0.482592 0.000999329
          16    -0.48328   -0.482635 0.000937796
          17     -0.4758   -0.482233 0.000964977
          18    -0.48916   -0.482618  0.00098512
          19    -0.47836   -0.482394 0.000958421
          20    -0.47964   -0.482256 0.000920336
# Temperatura= 2
           1    -0.45984    -0.45984           0
           2    -0.46408    -0.46196  0.00149907
           3    -0.45828   -0.460733  0.00141488
           4     -0.4622     -0.4611  0.00110766
           5    -0.46648   -0.462176  0.00130822
           6    -0.45944    -0.46172  0.00116695
           7    -0.46416   -0.462069  0.00105102
           8    -0.45976    -0.46178 0.000958436
           9    -0.47144   -0.462853  0.00132282
          10    -0.46008   -0.462576  0.00121926
          11     -0.4614   -0.462469   0.0011131
          12    -0.46012   -0.462273  0.00103741
          13    -0.46808    -0.46272  0.00104937
          14    -0.46252   -0.462706 0.000974513
          15    -0.46004   -0.462528 0.000925608
          16    -0.46064    -0.46241 0.000875246
          17    -0.46584   -0.462612 0.000846698
          18    -0.45908   -0.462416 0.000822079
          19    -0.46716   -0.462665 0.000815855
          20     -0.4584   -0.462452 0.000802452
# Temperatura= 2.1
           1    -0.44072    -0.44072           0
           2    -0.44424    -0.44248  0.00124451
           3    -0.44212    -0.44236 0.000835437
           4    -0.44348    -0.44264 0.000671863
           5    -0.45224    -0.44456  0.00179945
           6    -0.43716   -0.443327  0.00187516
           7    -0.44576   -0.443674  0.00163918
           8     -0.4454    -0.44389  0.00144841
           9    -0.44944   -0.444507  0.00141266
          10    -0.44104    -0.44416  0.00131324
          11    -0.44936   -0.444633  0.00127611
          12     -0.4422    -0.44443  0.00118576
          13     -0.4472   -0.444643  0.00111353
          14     -0.4468   -0.444797  0.00104459
          15     -0.4416   -0.444584 0.000996462
          16    -0.44284   -0.444475 0.000940125
          17    -0.44184    -0.44432 0.000897511
          18     -0.4398   -0.444069 0.000882078
          19    -0.43884   -0.443794 0.000877535
          20     -0.4444   -0.443824 0.000834182
# Temperatura= 2.2
           1    -0.42008    -0.42008           0
           2    -0.42368    -0.42188  0.00127279
           3    -0.42388   -0.422547  0.00100812
           4    -0.42304    -0.42267 0.000763593
           5    -0.42312    -0.42276 0.000616156
           6      -0.426     -0.4233  0.00071179
           7    -0.43292   -0.424674  0.00141106
           8    -0.42232    -0.42438  0.00126499
           9    -0.42076   -0.423978  0.00118666
          10    -0.42728   -0.424308  0.00111299
          11    -0.42824   -0.424665  0.00106767
          12    -0.42188   -0.424433  0.00100361
          13    -0.42968   -0.424837  0.00100429
          14    -0.42716   -0.425003 0.000946163
          15    -0.43172   -0.425451 0.000983364
          16    -0.42544    -0.42545 0.000921904
          17    -0.42584   -0.425473 0.000867959
          18     -0.4198   -0.425158  0.00087509
          19    -0.42744   -0.425278 0.000837236
          20    -0.42392    -0.42521 0.000798122
# Temperatura= 2.3
           1     -0.3992     -0.3992           0
           2    -0.41344    -0.40632   0.0050346
           3    -0.41428   -0.408973  0.00399486
           4    -0.40912    -0.40901  0.00299631
           5    -0.41248   -0.409704  0.00247612
           6    -0.40776    -0.40938  0.00208452
           7    -0.40628   -0.408937  0.00183317
           8    -0.40704     -0.4087  0.00161929
           9     -0.4136   -0.409244  0.00152816
          10    -0.41364   -0.409684  0.00143717
          11     -0.4118   -0.409876  0.00131933
          12    -0.40812    -0.40973  0.00121748
          13    -0.39888   -0.408895  0.00138057
          14     -0.4088   -0.408889  0.00128198
          15    -0.40988   -0.408955  0.00119821
          16    -0.40712    -0.40884   0.0011288
          17    -0.40816     -0.4088  0.00106311
          18    -0.41552   -0.409173  0.00106759
          19    -0.41076   -0.409257  0.00101466
          20    -0.41424   -0.409506 0.000994047
# Temperatura= 2.4
           1    -0.39864    -0.39864           0
           2    -0.39468    -0.39666  0.00140007
           3     -0.3944   -0.395907  0.00111783
           4    -0.39304    -0.39519  0.00104311
           5    -0.39468   -0.395088 0.000839459
           6    -0.39696     -0.3954 0.000755307
           7    -0.39884   -0.395891 0.000791288
           8    -0.39388    -0.39564 0.000731232
           9    -0.38776   -0.394764  0.00105067
          10    -0.39652    -0.39494 0.000960154
          11    -0.39528   -0.394971 0.000873365
          12    -0.38488    -0.39413   0.0011354
          13     -0.3896   -0.393782  0.00110024
          14    -0.39596   -0.393937  0.00103259
          15    -0.39344   -0.393904 0.000964285
          16    -0.39288    -0.39384 0.000906139
          17    -0.39104   -0.393675 0.000867676
          18     -0.3978   -0.393904 0.000849192
          19    -0.39732   -0.394084 0.000823305
          20    -0.38812   -0.393786 0.000834402
# Temperatura= 2.5
           1      -0.385      -0.385           0
           2    -0.37812    -0.38156  0.00243245
           3    -0.38396    -0.38236  0.00174824
           4    -0.38164    -0.38218  0.00132042
           5    -0.38296   -0.382336  0.00106551
           6    -0.38236    -0.38234 0.000887931
           7      -0.383   -0.382434 0.000766074
           8    -0.37308   -0.381265  0.00128283
           9      -0.376    -0.38068  0.00126667
          10     -0.3794   -0.380552  0.00114646
          11    -0.38432   -0.380895  0.00109221
          12    -0.38416   -0.381167  0.00103454
          13    -0.38164   -0.381203 0.000955596
          14    -0.38372   -0.381383 0.000904092
          15    -0.36908   -0.380563  0.00115754
          16    -0.38088   -0.380583  0.00108536
          17    -0.37436   -0.380216  0.00108148
          18      -0.384   -0.380427  0.00104162
          19    -0.37716   -0.380255  0.00100089
          20     -0.3792   -0.380202 0.000952233
# Temperatura= 2.6
           1    -0.36332    -0.36332           0
           2    -0.37808     -0.3707  0.00521845
           3    -0.36272    -0.36804  0.00410125
           4    -0.36532    -0.36736   0.0031318
           5    -0.36308   -0.366504  0.00261982
           6     -0.3698   -0.367053  0.00224003
           7    -0.36288   -0.366457  0.00199779
           8     -0.3646   -0.366225   0.0017615
           9      -0.365   -0.366089  0.00157103
          10    -0.35988   -0.365468  0.00153171
          11     -0.3698   -0.365862  0.00144221
          12    -0.36908    -0.36613  0.00134673
          13    -0.36552   -0.366083  0.00124395
          14    -0.36892   -0.366286  0.00117148
          15     -0.3654   -0.366227  0.00109487
          16     -0.3674     -0.3663   0.0010289
          17    -0.37312   -0.366701  0.00104366
          18    -0.36268   -0.366478   0.0010093
          19    -0.36112   -0.366196 0.000994794
          20    -0.36788    -0.36628 0.000948612
# Temperatura= 2.7
           1    -0.35532    -0.35532           0
           2     -0.3528    -0.35406 0.000890955
           3    -0.35244    -0.35352  0.00073973
           4    -0.35128    -0.35296 0.000736885
           5    -0.35064   -0.352496 0.000720942
           6      -0.348   -0.351747 0.000910417
           7    -0.34456    -0.35072  0.00122981
           8    -0.34636   -0.350175  0.00119073
           9    -0.35632   -0.350858  0.00123881
          10    -0.35484   -0.351256   0.0011772
          11    -0.35556   -0.351647  0.00113334
          12    -0.35904   -0.352263  0.00119466
          13    -0.35276   -0.352302  0.00110337
          14    -0.35532   -0.352517  0.00104541
          15    -0.36184   -0.353139  0.00114567
          16    -0.34868    -0.35286  0.00110744
          17      -0.355   -0.352986  0.00104943
          18    -0.35596   -0.353151  0.00100405
          19    -0.35268   -0.353126  0.00095151
          20    -0.35552   -0.353246 0.000911431
# Temperatura= 2.8
           1    -0.35128    -0.35128           0
           2    -0.34216    -0.34672  0.00322441
           3    -0.34556   -0.346333  0.00217267
           4    -0.33924    -0.34456  0.00223915
           5    -0.34368   -0.344384  0.00179822
           6    -0.34492   -0.344473  0.00150074
           7     -0.3416   -0.344063  0.00134131
           8     -0.3474    -0.34448  0.00123681
           9    -0.34316   -0.344333  0.00110805
          10     -0.3474    -0.34464  0.00103881
          11    -0.34616   -0.344778 0.000953523
          12     -0.3388    -0.34428 0.000995735
          13    -0.34344   -0.344215 0.000921234
          14     -0.3424   -0.344086  0.00086451
          15    -0.33864   -0.343723  0.00087981
          16    -0.34164   -0.343593 0.000834395
          17    -0.34664   -0.343772  0.00080434
          18    -0.34784   -0.343998 0.000790771
          19    -0.34488   -0.344044 0.000750513
          20      -0.341   -0.343892 0.000728259
# Temperatura= 2.9
           1    -0.33564    -0.33564           0
           2    -0.33564    -0.33564           0
           3    -0.32616    -0.33248  0.00258013
           4    -0.33028    -0.33193  0.00199286
           5    -0.32944   -0.331432  0.00165534
           6     -0.3354   -0.332093  0.00150577
           7     -0.3348    -0.33248  0.00133939
           8    -0.32808    -0.33193  0.00127992
           9    -0.33492   -0.332262  0.00118003
          10    -0.33128   -0.332164  0.00106611
          11    -0.32612   -0.331615  0.00110172
          12     -0.3288    -0.33138  0.00103457
          13    -0.33932   -0.331991  0.00112087
          14    -0.33108   -0.331926   0.0010427
          15      -0.332   -0.331931 0.000973194
          16     -0.3262   -0.331573 0.000976055
          17    -0.33528   -0.331791  0.00094269
          18       -0.33   -0.331691 0.000895552
          19    -0.33048   -0.331627 0.000850683
          20    -0.33328    -0.33171 0.000812152
# Temperatura= 3
           1    -0.31864    -0.31864           0
           2    -0.32264    -0.32064  0.00141421
           3    -0.32504   -0.322107  0.00152413
           4    -0.32836    -0.32367  0.00177191
           5    -0.31968   -0.322872  0.00158708
           6     -0.3164   -0.321793  0.00164888
           7    -0.32148   -0.321749  0.00141393
           8    -0.32428   -0.322065   0.0012721
           9    -0.32404   -0.322284  0.00114953
          10     -0.3184   -0.321896  0.00109825
          11    -0.31844   -0.321582  0.00104238
          12    -0.32128   -0.321557 0.000955818
          13    -0.31936   -0.321388 0.000897105
          14    -0.32236   -0.321457  0.00083571
          15    -0.32444   -0.321656 0.000803307
          16    -0.31472   -0.321223  0.00086217
          17     -0.3224   -0.321292 0.000814232
          18    -0.32596   -0.321551 0.000809246
          19    -0.32216   -0.321583 0.000767289
          20    -0.32024   -0.321516 0.000731857
